4.015269627360626425e-01 0.000000000000000000e+00
4.115651368044641600e-01 0.000000000000000000e+00
4.218542652245758084e-01 0.000000000000000000e+00
4.324006218551901815e-01 0.000000000000000000e+00
4.432106374015698513e-01 0.000000000000000000e+00
4.542909033366090976e-01 0.000000000000000000e+00
4.656481759200242765e-01 0.000000000000000000e+00
4.772893803180248140e-01 0.000000000000000000e+00
4.892216148259754260e-01 0.000000000000000000e+00
5.014521551966246715e-01 0.000000000000000000e+00
5.139884590765402272e-01 0.000000000000000000e+00
5.268381705534537218e-01 0.000000000000000000e+00
5.400091248172900205e-01 0.000000000000000000e+00
5.535093529377222987e-01 0.000000000000000000e+00
5.673470867611652979e-01 0.000000000000000000e+00
5.815307639301943166e-01 0.000000000000000000e+00
5.960690330284491578e-01 0.000000000000000000e+00
6.109707588541603007e-01 0.000000000000000000e+00
6.262450278255142777e-01 0.000000000000000000e+00
6.419011535211520680e-01 0.000000000000000000e+00
6.579486823591806921e-01 0.000000000000000000e+00
6.743973994181602372e-01 0.000000000000000000e+00
6.912573344036141432e-01 0.000000000000000000e+00
7.085387677637043913e-01 0.000000000000000000e+00
7.262522369577969483e-01 0.000000000000000000e+00
7.444085428817418526e-01 0.000000000000000000e+00
7.630187564537853628e-01 0.000000000000000000e+00
7.820942253651298470e-01 0.000000000000000000e+00
8.016465809992581182e-01 0.000000000000000000e+00
8.216877455242392880e-01 0.000000000000000000e+00
8.422299391623454534e-01 0.000000000000000000e+00
8.632856876414038982e-01 0.000000000000000000e+00
8.848678298324388347e-01 0.000000000000000000e+00
9.069895255782498555e-01 0.000000000000000000e+00
9.296642637177058299e-01 0.000000000000000000e+00
9.529058703106484396e-01 0.000000000000000000e+00
9.767285170684145701e-01 0.000000000000000000e+00
1.001146729995124884e+00 0.000000000000000000e+00
1.026175398245003034e+00 0.000000000000000000e+00
1.051829783201128077e+00 0.000000000000000000e+00
1.078125527781156112e+00 0.000000000000000000e+00
1.105078665975684826e+00 0.000000000000000000e+00
1.132705632625076841e+00 0.000000000000000000e+00
1.161023273440703774e+00 0.000000000000000000e+00
1.190048855276721218e+00 0.000000000000000000e+00
1.219800076658639210e+00 0.000000000000000000e+00
1.250295078575105245e+00 0.000000000000000000e+00
1.281552455539482827e+00 0.000000000000000000e+00
1.313591266927969681e+00 0.000000000000000000e+00
1.346431048601168801e+00 0.000000000000000000e+00
1.380091824816198187e+00 0.000000000000000000e+00
1.414594120436602820e+00 0.000000000000000000e+00
1.449958973447517785e+00 0.000000000000000000e+00
1.486207947783705574e+00 0.000000000000000000e+00
1.523363146478298180e+00 0.000000000000000000e+00
1.561447225140255579e+00 0.000000000000000000e+00
1.600483405768762024e+00 0.000000000000000000e+00
1.640495490912980969e+00 0.000000000000000000e+00
1.681507878185805271e+00 0.000000000000000000e+00
1.723545575140450037e+00 0.000000000000000000e+00
1.766634214518961299e+00 0.000000000000000000e+00
1.810800069881935315e+00 0.000000000000000000e+00
1.856070071628983742e+00 0.000000000000000000e+00
1.902471823419708441e+00 0.000000000000000000e+00
1.950033619005201002e+00 0.000000000000000000e+00
1.998784459480330566e+00 0.000000000000000000e+00
2.048754070967338858e+00 0.000000000000000000e+00
2.099972922741522030e+00 0.000000000000000000e+00
2.152472245810060247e+00 0.000000000000000000e+00
2.206284051955311298e+00 0.000000000000000000e+00
2.261441153254193814e+00 1.551795620923662071e-107
2.317977182085548371e+00 9.592892082208283206e-106
2.375926611637686925e+00 2.257701963962514671e-104
2.435324776928628587e+00 4.138181569000313515e-103
2.496207896351844369e+00 6.610322736549121921e-102
2.558613093760640389e+00 9.587198493394180103e-101
2.622578421104656332e+00 6.073820165562831186e-99
2.688142881632272552e+00 3.255916170661882560e-97
2.755346453673078955e+00 6.171199135543287147e-96
2.824230115014905618e+00 8.699952018097342847e-95
2.894835867890277914e+00 1.066216813574277787e-93
2.967206764587534629e+00 1.188882703035654246e-92
3.041386933702222795e+00 1.328645595861749778e-90
3.117421607044778220e+00 2.193452409505210212e-89
3.195357147220897254e+00 2.639272883921466605e-88
3.275241075901419663e+00 2.728547702897837065e-87
3.357122102798954622e+00 8.210252791658488056e-86
3.441050155368928110e+00 2.014214011812813285e-84
3.527076409253150580e+00 2.402183462153257975e-83
3.615253319484479366e+00 2.384623837481089681e-82
3.705634652471590407e+00 3.330227343480024008e-81
3.798275518783380100e+00 8.885192595482464881e-80
3.893232406752964003e+00 9.389367154737725643e-79
3.990563216921787504e+00 7.657717538995903483e-78
4.090327297344832580e+00 1.034647999352135314e-76
4.192585479778452751e+00 1.470851936010835575e-75
4.297400116772914558e+00 1.299654354192578728e-74
4.404835119692235956e+00 9.500666345425959476e-74
4.514955997684541700e+00 1.176828228838457614e-72
4.627829897626655864e+00 9.816863299848882492e-72
4.743525645067321328e+00 6.501312948153486232e-71
4.862113786194004028e+00 6.253035365443450533e-70
4.983666630848853529e+00 4.895237204502962028e-69
5.108258296620074468e+00 3.069236012722304407e-68
5.235964754035576263e+00 2.369221717367269658e-67
5.366863872886464826e+00 1.588642599444127477e-66
5.501035469708626557e+00 8.779209111796240005e-66
5.638561356451341489e+00 6.056619006997032426e-65
5.779525390362624471e+00 3.341045446091306320e-64
5.924013525121688772e+00 1.830793129669269352e-63
6.072113863249731125e+00 9.818793553111886342e-63
6.223916709830974447e+00 4.540546317981863361e-62
6.379514627576748254e+00 1.876212251763084148e-61
6.539002493266165672e+00 5.842501145236273408e-61
6.702477555597819325e+00 1.782756161956454644e-60
6.870039494487764742e+00 8.054866230771517383e-60
7.041790481849959704e+00 3.481052140584425075e-59
7.217835243896206343e+00 1.439908822669138024e-58
7.398281124993611790e+00 5.550090145697486810e-58
7.583238153118450953e+00 2.176540860767758958e-57
7.772819106946412759e+00 5.538595977505728070e-57
7.967139584620070991e+00 1.333794853334199721e-56
8.166318074235572766e+00 4.220082350814868959e-56
8.370476026091461463e+00 1.077655327004633368e-55
8.579737926743746357e+00 3.133731406450306748e-55
8.794231374912339305e+00 7.209372069485584585e-55
9.014087159285146811e+00 1.548476391563735779e-54
9.239439338267274593e+00 4.141932397215318095e-54
9.470425321723954681e+00 1.104650801574444167e-53
9.707185954767052039e+00 2.808374646195945942e-53
9.949865603636229849e+00 5.194884015400040322e-53
1.019861224372713515e+01 1.225213599948792661e-52
1.045357754982031295e+01 3.317505314195222687e-52
1.071491698856581820e+01 7.409792103684273599e-52
1.098278991327996224e+01 1.501824589615938406e-51
1.125735966111196085e+01 2.927388254511533409e-51
1.153879365263975920e+01 5.638169948503728887e-51
1.182726349395575305e+01 1.054380593191564192e-50
1.212294508130464621e+01 2.324497219308517166e-50
1.242601870833725997e+01 4.615366071822397667e-50
1.273666917604569093e+01 9.694162623816104322e-50
1.305508590544683045e+01 1.600131507547171118e-49
1.338146305308300121e+01 2.707416110834291714e-49
1.371599962941007433e+01 4.313742692778636457e-49
1.405889962014532557e+01 6.938148084337471643e-49
1.441037211064896084e+01 1.191417743120881659e-48
1.477063141341518460e+01 2.498701044475681222e-48
1.513989719875056394e+01 4.370521118338731048e-48
1.551839462871932618e+01 8.804336425017045968e-48
1.590635449443730920e+01 2.084557238046507349e-47
1.630401335679824015e+01 5.061945282803579006e-47
1.671161369071819536e+01 1.373964600653008844e-46
1.712940403298614811e+01 3.674438940217646964e-46
1.755763913381079888e+01 1.924605764963514251e-45
1.799658011215606734e+01 7.397369581211277374e-45
1.844649461495996690e+01 2.009357241087209965e-44
1.890765698033396447e+01 5.466148017596777999e-44
1.938034840484231225e+01 1.552824441068216996e-43
1.986485711496336748e+01 4.475606285219580585e-43
2.036147854283745318e+01 1.272950702152711955e-42
2.087051550640838471e+01 3.765295704521455009e-42
2.139227839406859388e+01 1.050109541396748262e-41
2.192708535392030811e+01 2.925045228256794993e-41
2.247526248776831181e+01 7.928490372499900814e-41
2.303714404996252085e+01 2.270764940896077543e-40
2.361307265121158139e+01 6.359220015696753506e-40
2.420339946749187021e+01 1.756731708607697212e-39
2.480848445417916537e+01 4.597073431325280943e-39
2.542869656553364166e+01 1.209604031399901723e-38
2.606441397967197915e+01 2.927635918676560114e-38
2.671602432916377623e+01 7.229989505492015358e-38
2.738392493739286948e+01 1.777958885373798981e-37
2.806852306082769388e+01 4.521661141236054649e-37
2.877023613734837681e+01 1.100745244881282260e-36
2.948949204078208908e+01 4.769831283775091586e-36
3.022672934180163651e+01 2.238738264230449362e-35
3.098239757534667405e+01 3.979117906331351340e-35
3.175695751473033823e+01 1.213182053999185937e-34
3.255088145259860255e+01 2.633536519840240491e-34
3.336465348891356086e+01 5.212455256841536363e-34
3.419876982613639882e+01 2.587261856961871813e-33
3.505373907178981341e+01 1.085012397259310789e-32
3.593008254858455786e+01 3.131964535031430687e-32
3.682833461229916594e+01 6.593256067466768309e-32
3.774904297760663496e+01 1.141037000646396188e-31
3.869276905204680617e+01 1.927802704467033135e-31
3.966008827834797046e+01 3.388109665452867135e-31
4.065159048530667008e+01 5.620792872987404335e-31
4.166788024743932795e+01 8.118705210519285839e-31
4.270957725362531221e+01 1.207906813493804725e-30
4.377731668496594608e+01 2.177048916243194602e-30
4.487174960209009100e+01 3.559294140236302538e-30
4.599354334214233830e+01 5.169741853484764056e-30
4.714338192569589125e+01 7.257818224490597747e-30
4.832196647383828747e+01 2.290600268798190992e-29
4.953001563568424359e+01 3.236197090367076304e-29
5.076826602657634169e+01 4.640207598106559065e-29
5.203747267724073566e+01 6.242305275996049402e-29
5.333840949417175636e+01 9.397785250384020269e-29
5.467186973152603002e+01 1.440498931731562755e-28
5.603866647481417829e+01 1.949307776917126865e-28
5.743963313668454163e+01 3.784020681748304645e-28
5.887562396510164575e+01 6.853791786626883798e-28
6.034751456422918636e+01 9.240481945578002942e-28
6.185620242833490323e+01 1.235642513839969999e-27
6.340260748904326960e+01 1.659411828849426850e-27
6.498767267626934085e+01 2.235477499576791492e-27
6.661236449317607367e+01 3.002163373651775430e-27
6.827767360550546982e+01 4.037823514876079945e-27
6.998461544564308667e+01 5.320254663081156727e-27
7.173423083178415993e+01 6.954958438128287075e-27
7.352758660257875079e+01 9.079349172650754718e-27
7.536577626764321280e+01 1.177213981650099468e-26
7.724992067433429099e+01 1.520681904745607676e-26
7.918116869119265289e+01 1.951450253080924015e-26
8.116069790847245713e+01 2.479871155388829378e-26
8.318971535618426572e+01 3.159322945872913019e-26
8.526945824008886632e+01 3.970421863345505692e-26
8.740119469609106773e+01 4.990591870462419713e-26
8.958622456349334584e+01 4.763707786449484799e-26
9.182588017758065746e+01 2.598142435136849686e-26
9.412152718202017354e+01 3.835480290518551872e-26
9.647456536157065443e+01 5.161593672989359149e-26
9.888642949560991724e+01 5.462525813759551830e-26
1.013585902330001716e+02 6.663390641526449368e-26
1.038925549888251680e+02 7.395194483415201015e-26
1.064898688635458086e+02 8.605794215640291826e-26
1.091521155851344247e+02 9.989829569027971621e-26
1.118809184747627796e+02 1.122031682356503941e-25
1.146779414366318122e+02 1.257177585081765485e-25
1.175448899725475940e+02 1.379847993087235556e-25
1.204835122218612753e+02 1.476644722058383494e-25
1.210859297829705667e+02 1.465919773203805532e-25
1.216913594318854166e+02 1.294014589601260107e-25
1.222998162290448079e+02 1.331440319078720985e-25
1.229113153101900195e+02 1.557511836731025100e-25
1.235258718867409726e+02 1.620197419304496639e-25
1.241435012461746510e+02 1.690745399762486879e-25
1.247642187524055117e+02 1.743371353576470157e-25
1.253880398461675156e+02 1.759976832036112850e-25
1.260149800453983318e+02 1.826164853153685339e-25
1.266450549456253185e+02 1.850561343143262589e-25
1.272782802203534231e+02 1.899557208407790554e-25
1.279146716214551844e+02 1.941667864536303595e-25
1.285542449795624407e+02 1.985332010531975785e-25
1.291970162044602262e+02 2.035703596735340998e-25
1.298430012854825293e+02 2.061304521834962891e-25
1.304922162919099264e+02 2.112008873401751902e-25
1.311446773733694613e+02 2.155235270166470012e-25
1.318004007602363004e+02 2.206161206928293635e-25
1.324594027640374634e+02 2.246239280469635873e-25
1.331216997778576285e+02 2.259520023748249347e-25
1.337873082767469270e+02 2.335350566134800166e-25
1.344562448181306422e+02 2.339891867250653529e-25
1.351285260422212673e+02 2.390150906705026067e-25
1.358041686724323540e+02 2.428441104959378773e-25
1.364831895157944928e+02 2.506041167141936226e-25
1.371656054633734527e+02 2.526839689760964799e-25
1.378514334906903116e+02 2.520671172552660357e-25
1.385406906581437454e+02 2.550097670370239579e-25
1.392333941114344498e+02 2.639648986688412192e-25
1.399295610819916078e+02 2.628798070780927181e-25
1.406292088874015462e+02 2.705836066129301047e-25
1.413323549318385517e+02 2.801516356143577556e-25
1.420390167064977334e+02 2.837949945721166866e-25
1.427492117900301878e+02 2.869156090226560510e-25
1.434629578489803521e+02 2.963603142068105840e-25
1.441802726382252331e+02 2.971639533570081594e-25
1.449011740014163365e+02 3.018984396856286731e-25
1.456256798714234151e+02 3.072214080976323950e-25
1.463538082707805188e+02 3.159799035476876210e-25
1.470855773121343759e+02 3.213383705246583834e-25
1.478210051986950475e+02 3.233481402150817318e-25
1.485601102246885148e+02 3.383442108445968402e-25
1.493029107758119380e+02 3.380405708997059862e-25
1.500494253296909619e+02 3.302079698698829051e-25
1.507996724563394082e+02 3.457074347127397171e-25
1.515536708186211001e+02 3.459737913646742572e-25
1.523114391727141879e+02 3.517775074296022302e-25
1.530729963685777477e+02 3.507307009701705283e-25
1.538383613504205982e+02 3.620233958510428626e-25
1.546075531571727026e+02 3.516929506847979654e-25
1.553805909229585325e+02 3.602789284130962332e-25
1.561574938775733301e+02 3.657581785566793631e-25
1.569382813469611619e+02 3.712675109539483716e-25
1.577229727536959558e+02 3.818352955068968617e-25
1.585115876174644143e+02 3.865824144737857139e-25
1.593041455555517132e+02 4.007890287304296947e-25
1.601006662833294740e+02 4.077560261612738145e-25
1.609011696147460952e+02 4.041355806923641557e-25
1.617056754628198121e+02 4.185576137358321687e-25
1.625142038401339164e+02 4.297950600763485060e-25
1.633267748593345630e+02 4.286795521990657771e-25
1.641434087336312473e+02 4.457549652080859511e-25
1.649641257772993583e+02 4.511092920522527767e-25
1.657889464061858575e+02 4.646339502124041856e-25
1.666178911382167485e+02 4.725402611407749174e-25
1.674509805939078149e+02 4.545467833456448196e-25
1.682882354968773484e+02 4.745205667026619693e-25
1.691296766743616899e+02 4.752771301300469389e-25
1.699753250577334995e+02 4.955299447869597775e-25
1.708252016830221294e+02 4.835975794098814895e-25
1.716793276914372370e+02 4.897143719486173507e-25
1.725377243298943881e+02 5.072058874657835137e-25
1.734004129515438422e+02 5.182991475858541239e-25
1.742674150163015270e+02 5.149170598081894115e-25
1.751387520913830258e+02 5.442281425897692803e-25
1.760144458518399233e+02 5.401596514723352959e-25
1.768945180810991076e+02 5.551569787936254974e-25
1.777789906715046016e+02 5.683245439953625681e-25
1.786678856248620946e+02 5.669605628489316073e-25
1.795612250529864014e+02 5.663124643521076566e-25
1.804590311782513083e+02 5.849669590029614996e-25
1.813613263341425750e+02 5.773840958838820542e-25
1.822681329658132370e+02 5.974727545629652447e-25
1.831794736306422919e+02 6.092171213399417173e-25
1.840953709987954880e+02 5.928526054972774285e-25
1.850158478537894666e+02 6.181361683174277813e-25
1.859409270930584057e+02 6.309065725546284126e-25
1.868706317285236480e+02 6.326662777800513552e-25
1.878049848871662562e+02 6.379709169428307049e-25
1.887440098116020692e+02 6.265916513502822752e-25
1.896877298606600561e+02 6.526896588676852923e-25
1.906361685099633405e+02 6.648445642752330605e-25
1.915893493525131248e+02 6.708862486171524432e-25
1.925472960992756839e+02 6.760404570998601282e-25
1.935100325797720302e+02 6.838534700888042374e-25
1.944775827426708759e+02 6.792062822971944644e-25
1.954499706563842096e+02 6.933189022802603859e-25
1.964272205096661139e+02 7.015474949073655583e-25
1.974093566122144239e+02 7.158491764250886406e-25
1.983964033952754562e+02 7.177510656332282187e-25
1.993883854122518073e+02 7.233990339706444124e-25
2.003853273393130507e+02 7.370866397995292019e-25
2.013872539760096174e+02 7.453869154984473633e-25
2.023941902458896607e+02 7.591753791722185849e-25
2.034061611971190757e+02 7.648723310427252847e-25
2.044231920031046457e+02 7.904682825083199933e-25
2.054453079631201433e+02 7.986217120312210915e-25
2.064725345029357300e+02 8.254918650728272389e-25
2.075048971754504237e+02 8.111135268899510572e-25
2.085424216613276656e+02 8.098887547623046521e-25
2.095851337696342398e+02 8.233417724151314256e-25
2.106330594384824053e+02 8.352479557502743355e-25
2.116862247356747844e+02 8.295710075166752132e-25
2.127446558593531449e+02 8.370720930235354536e-25
2.138083791386498831e+02 8.568701451875640982e-25
2.148774210343431150e+02 8.556829180198267702e-25
2.159518081395147817e+02 8.372572790001401893e-25
2.170315671802123632e+02 8.656372712595468552e-25
2.181167250161134348e+02 8.720541129757968420e-25
2.192073086411939471e+02 8.825743641608483208e-25
2.203033451843999160e+02 8.751676110150991781e-25
2.214048619103218698e+02 8.801773522072510119e-25
2.225118862198734462e+02 7.739069947877572911e-25
2.236244456509728025e+02 9.100885977418633858e-25
2.247425678792276358e+02 9.432943330164838129e-25
2.258662807186237274e+02 9.600368110435152534e-25
2.269956121222168406e+02 9.539863456180138003e-25
2.281305901828278877e+02 9.700221754694258626e-25
2.292712431337420185e+02 9.995170749379690331e-25
2.304175993494106933e+02 1.001031896361890373e-24
2.315696873461577638e+02 1.016292285148769748e-24
2.327275357828885376e+02 1.013399548358290118e-24
2.338911734618029072e+02 1.031057962618454865e-24
2.350606293291119187e+02 1.044337519493729171e-24
2.362359324757574655e+02 1.065272472005090014e-24
2.374171121381361900e+02 1.077287819332086947e-24
2.386041976988268800e+02 1.088291997456584086e-24
2.397972186873209921e+02 1.087277706691736347e-24
2.409962047807575232e+02 1.090443115509924389e-24
2.422011858046612929e+02 1.114231199055618288e-24
2.434121917336845797e+02 1.136881508711339681e-24
2.446292526923529635e+02 9.439475431078932255e-25
2.458523989558147207e+02 1.146809203902923099e-24
2.470816609505937720e+02 1.180694811788962888e-24
2.483170692553467234e+02 1.217455615266527237e-24
2.495586546016234593e+02 1.230514786595727100e-24
2.508064478746315160e+02 1.222309909052364884e-24
2.520604801140046618e+02 1.250336748666868315e-24
2.533207825145746597e+02 1.257459517156929062e-24
2.545873864271474645e+02 1.272550646317011475e-24
2.558603233592831998e+02 1.305588221195958446e-24
2.571396249760795740e+02 1.339381019398542869e-24
2.584253231009599290e+02 1.359854673161530068e-24
2.597174497164647278e+02 1.361632574890168019e-24
2.610160369650470216e+02 1.388015480762997702e-24
2.623211171498722365e+02 1.432251859784176042e-24
2.636327227356215417e+02 1.438481085224931446e-24
2.649508863492996511e+02 1.463413814512489108e-24
2.662756407810460928e+02 1.453331622280278576e-24
2.676070189849513099e+02 1.507444539268099422e-24
2.689450540798760585e+02 1.506448683958829764e-24
2.702897793502754098e+02 1.567360244822886413e-24
2.716412282470267883e+02 1.595429872313799468e-24
2.729994343882618750e+02 1.615899062366524895e-24
2.743644315602031156e+02 1.627904173912816515e-24
2.757362537180041500e+02 1.604499462668626921e-24
2.771149349865941076e+02 1.664067292501950203e-24
2.785005096615270190e+02 1.690102365431630167e-24
2.798930122098346374e+02 1.694199490168415088e-24
2.812924772708837509e+02 1.794624628150026300e-24
2.826989396572381565e+02 1.837937671587004908e-24
2.841124343555243286e+02 1.834685366626177310e-24
2.855329965273019184e+02 1.895102418910618161e-24
2.869606615099384044e+02 1.927677870009824589e-24
2.883954648174880617e+02 1.965389086882922606e-24
2.898374421415754796e+02 1.990403009118551962e-24
2.912866293522832848e+02 2.060839717118929217e-24
2.927430624990446972e+02 2.091374159991328994e-24
2.942067778115398369e+02 2.154772361406109059e-24
2.956778117005975446e+02 2.209346653934852114e-24
2.971562007591004999e+02 2.241652892024040059e-24
2.986419817628959663e+02 2.297616557860153816e-24
3.001351916717104018e+02 2.335118687800681930e-24
3.016358676300689012e+02 2.362270337790000290e-24
3.031440469682191861e+02 2.481616202926875844e-24
3.046597672030603121e+02 2.550672645685910530e-24
3.061830660390755270e+02 2.584411691013043468e-24
3.077139813692708685e+02 2.637031947196660201e-24
3.092525512761171740e+02 2.724447571544563786e-24
3.107988140324977167e+02 2.817140168821245608e-24
3.123528081026601626e+02 2.912260291018443437e-24
3.139145721431734160e+02 3.005569964659261141e-24
3.154841450038892390e+02 3.067706901076755973e-24
3.170615657289087039e+02 2.787052292621970878e-24
3.186468735575531923e+02 3.269778383094773548e-24
3.202401079253409080e+02 3.355782439450847496e-24
3.218413084649675966e+02 3.387043060378573271e-24
3.234505150072923811e+02 3.566888710571732922e-24
3.250677675823288268e+02 3.628994520046681211e-24
3.266931064202404400e+02 3.796365105092077717e-24
3.283265719523416237e+02 3.911774809827108752e-24
3.299682048121032381e+02 4.133962285137100302e-24
3.316180458361637875e+02 4.271776386356970577e-24
3.332761360653445308e+02 4.467061552342565991e-24
3.349425167456712416e+02 4.469830916567104108e-24
3.366172293293995494e+02 4.798646189141085706e-24
3.383003154760465350e+02 5.011988149177812773e-24
3.399918170534267006e+02 5.191393673277175895e-24
3.416917761386937968e+02 5.426548162559433283e-24
3.434002350193872530e+02 5.440173693176245278e-24
3.451172361944841782e+02 5.862229044808072837e-24
3.468428223754565352e+02 6.155008885592327680e-24
3.485770364873337712e+02 6.512401376008372363e-24
3.503199216697704514e+02 6.786960922877274916e-24
3.520715212781192349e+02 7.095311867947148900e-24
3.538318788845098197e+02 7.445547611656846252e-24
3.556010382789323216e+02 7.847024215685794826e-24
3.573790434703269625e+02 8.228902387815368837e-24
3.591659386876785334e+02 8.635957328185668392e-24
3.609617683811168831e+02 9.000212090235112291e-24
3.627665772230224093e+02 9.541179752229098993e-24
3.645804101091375173e+02 1.014083214934542515e-23
3.664033121596831393e+02 1.383339972939833182e-23
3.682353287204815047e+02 1.622695585979366972e-23
3.700765053640838573e+02 2.186650821062035735e-23
3.719268878909042542e+02 1.939817225307189457e-23
3.737865223303587072e+02 1.970134008723296326e-23
3.756554549420104649e+02 4.042217053147270165e-23
3.775337322167205230e+02 4.487946672964901410e-23
3.794214008778040466e+02 4.872502690426494975e-23
3.813185078821929892e+02 1.920381477006898539e-23
3.832251004216039405e+02 5.744052374717846037e-23
3.851412259237118860e+02 5.199680479207723767e-23
3.870669320533303335e+02 6.784475153123203208e-23
3.890022667135969527e+02 5.200226958438997615e-23
3.909472780471649003e+02 3.392495202466865065e-23
3.929020144374006804e+02 5.059710319941274160e-23
3.948665245095876344e+02 7.693886678134949328e-23
3.968408571321355112e+02 9.739050495982983146e-23
3.988250614177961779e+02 9.342023199162096779e-23
4.008191867248851281e+02 1.101239304705908759e-22
4.028232826585094699e+02 1.137177380185034716e-22
4.048373990718019968e+02 1.027734715197214100e-22
4.068615860671609425e+02 8.557185044616039708e-23
4.088958939974967279e+02 6.377247615439317181e-23
4.109403734674841076e+02 4.561185778669482912e-23
4.129950753348214789e+02 5.519087506643399887e-23
4.150600507114955917e+02 7.687830398394123325e-23
4.171353509650530214e+02 9.954424507929653895e-23
4.192210277198781796e+02 1.405348279740697450e-22
4.213171328584775210e+02 1.537072490988915076e-22
4.234237185227699456e+02 1.672097046477086489e-22
4.255408371153836811e+02 2.025327859272239553e-22
4.276685413009605554e+02 1.936757987624429868e-22
4.298068840074653849e+02 2.186927678620592946e-22
4.319559184275026382e+02 2.340336585201737845e-22
4.341156980196401491e+02 2.645912927124335483e-22
4.362862765097382862e+02 2.198783861176746166e-22
4.384677078922869669e+02 2.384751847559891181e-22
4.406600464317483556e+02 2.004810239072179541e-22
4.428633466639070093e+02 7.879102399070063193e-22
4.450776633972265586e+02 4.056203912146910256e-22
4.473030517142125859e+02 5.162700991365604886e-22
4.495395669727836321e+02 1.050097881637599353e-21
4.517872648076474320e+02 8.860634377623294740e-22
4.540462011316856774e+02 8.234250399862789272e-22
4.563164321373440657e+02 1.077883221762475632e-21
4.585980142980306482e+02 7.715851199280147512e-22
4.608910043695207719e+02 7.493089920929767608e-22
4.631954593913683311e+02 8.062948481998512418e-22
4.655114366883250909e+02 6.057206927755817118e-22
4.678389938717666041e+02 7.585767558431469941e-22
4.701781888411254045e+02 5.327054119307240754e-22
4.725290797853310210e+02 4.732456216470946730e-22
4.748917251842575524e+02 3.951929312272272526e-22
4.772661838101788589e+02 2.165036662091319487e-22
4.796525147292297220e+02 8.849587875738554549e-23
4.820507773028758720e+02 9.929368526135634682e-23
4.844610311893901553e+02 4.787898522409311365e-23
4.868833363453369998e+02 5.414048852265772035e-23
4.893177530270636453e+02 8.022318409397273353e-23
4.917643417921989339e+02 1.155323956701371621e-22
4.942231635011600019e+02 1.523883369925279263e-22
4.966942793186656786e+02 2.752743253648958282e-22
4.991777507152590374e+02 5.373585726004108888e-22
5.016736394688352334e+02 8.678439770692374615e-22
5.041820076661794019e+02 1.670703758202448257e-21
5.067029177045102415e+02 1.090950667243255740e-21
5.092364322930326921e+02 2.734717928116847622e-21
5.117826144544977751e+02 2.745818741631874286e-21
5.143415275267702782e+02 3.033424519369296721e-21
5.169132351644041137e+02 3.858161781199332608e-21
5.194978013402261467e+02 4.847914463459878444e-21
5.220952903469271860e+02 5.039152925426612673e-21
5.247057667986616707e+02 3.169054241819909927e-21
5.273292956326549756e+02 5.102628708487711119e-21
5.299659421108183324e+02 6.052432293926785542e-21
5.326157718213723911e+02 6.782438842144697754e-21
5.352788506804790813e+02 6.704571307651116361e-21
5.379552449338814313e+02 7.861257930218691993e-21
5.406450211585507759e+02 7.041247510572659180e-21
5.433482462643435156e+02 6.717242116882590966e-21
5.460649874956650365e+02 7.287977990272344809e-21
5.487953124331432946e+02 6.723545956804322389e-21
5.515392889953089934e+02 7.564782551748141672e-21
5.542969854402855390e+02 7.633238145156022100e-21
5.570684703674868388e+02 8.414832165288460288e-21
5.598538127193243099e+02 8.023728022521777022e-21
5.626530817829209354e+02 7.644776097091536126e-21
5.654663471918354389e+02 8.485936914964866820e-21
5.682936789277944172e+02 7.483116187262660930e-21
5.711351473224333404e+02 8.798310778566903577e-21
5.739908230590455105e+02 8.594363167462662365e-21
5.768607771743406829e+02 9.005902916292616792e-21
5.797450810602123283e+02 9.118417595352558982e-21
5.826438064655133076e+02 1.064022998420934596e-20
5.855570254978408684e+02 1.036370693079644168e-20
5.884848106253300557e+02 1.042143699458411925e-20
5.914272346784565570e+02 9.335659902445085321e-21
5.943843708518487574e+02 1.054305443137938817e-20
5.973562927061078653e+02 1.025907891025896436e-20
6.003430741696383848e+02 9.719647899340941946e-21
6.033447895404865449e+02 1.141421183359787269e-20
6.063615134881889617e+02 1.010729691143716110e-20
6.093933210556298263e+02 1.233459077828793691e-20
6.124402876609078703e+02 1.127862844345888270e-20
6.155024890992124256e+02 5.049370626732084323e-21
6.185800015447083524e+02 1.154873029335124279e-20
6.216729015524317674e+02 1.040847074497097099e-20
6.247812660601939569e+02 7.137412434542866883e-21
6.279051723904948403e+02 6.882143594792347307e-21
6.310446982524472332e+02 1.200992993079234339e-20
6.341999217437094103e+02 1.486415127327957589e-20
6.373709213524278994e+02 1.245493264465161499e-20
6.405577759591899394e+02 1.345386659051926947e-20
6.437605648389858288e+02 1.454744213629654840e-20
6.469793676631805965e+02 1.444678674238731466e-20
6.502142645014964728e+02 1.321681771761943517e-20
6.534653358240038870e+02 1.399385719449013513e-20
6.567326625031238336e+02 1.403436967612994374e-20
6.600163258156394477e+02 1.474449113753565119e-20
6.633164074447174698e+02 1.473816310544088852e-20
6.666329894819409674e+02 1.593618718366573804e-20
6.699661544293506950e+02 1.597961336755593071e-20
6.733159852014973694e+02 1.776965634775702319e-20
6.766825651275047449e+02 1.920298230914095845e-20
6.800659779531422373e+02 1.405181549532418851e-20
6.834663078429077814e+02 1.414845609485086133e-20
6.868836393821222828e+02 1.938447465805172585e-20
6.903180575790328248e+02 1.825338850121822602e-20
6.937696478669279259e+02 2.085451433456050907e-20
6.972384961062624598e+02 2.083528376931944399e-20
7.007246885867937181e+02 1.999659414218231828e-20
7.042283120297277037e+02 2.205317504892103093e-20
7.077494535898762251e+02 2.117124056696481873e-20
7.112882008578255864e+02 2.034052323639556241e-20
7.148446418621145995e+02 2.288684692367171410e-20
7.184188650714251025e+02 2.211273420269019532e-20
7.220109593967821411e+02 2.132515580899912864e-20
7.256210141937660865e+02 1.658037400438659680e-20
7.292491192647347589e+02 2.125711014858546734e-20
7.328953648610583969e+02 2.089477150904093182e-20
7.365598416853634944e+02 2.296427502043835003e-20
7.402426408937901670e+02 1.847486729655535987e-20
7.439438540982590666e+02 1.723808916593059131e-20
7.476635733687502352e+02 2.073705472657459986e-20
7.514018912355938937e+02 2.185026745842690309e-20
7.551589006917718052e+02 1.966883060483726771e-20
7.589346951952306881e+02 2.135620868513451736e-20
7.627293686712066574e+02 2.091163295576619823e-20
7.665430155145626259e+02 2.106722180417268687e-20
7.703757305921353691e+02 2.098668056692589393e-20
7.742276092450960050e+02 2.047491926300259639e-20
7.780987472913213878e+02 1.745805334347050735e-20
7.819892410277777799e+02 2.191552956419659592e-20
7.858991872329166881e+02 2.307278058701010754e-20
7.898286831690811596e+02 2.352559393792863044e-20
7.937778265849265154e+02 2.318662170547739975e-20
7.977467157178509751e+02 2.124045382287772734e-20
8.017354492964402652e+02 2.272302969452181400e-20
8.057441265429223449e+02 2.171438891942901599e-20
8.097728471756369117e+02 1.946325159567092693e-20
8.138217114115149116e+02 2.080466991437811566e-20
8.178908199685723730e+02 1.929867457075999065e-20
8.219802740684151559e+02 2.246258270064361554e-20
8.260901754387572282e+02 2.069964109954049767e-20
8.302206263159508808e+02 1.892140203565384222e-20
8.343717294475305835e+02 2.172204102046832772e-20
8.385435880947682108e+02 2.234435268378211287e-20
8.427363060352417961e+02 2.128007591607142358e-20
8.469499875654179277e+02 1.927970374111499699e-20
8.511847375032450600e+02 2.385503103816340213e-20
8.554406611907610340e+02 1.927675725282210841e-20
8.597178644967146965e+02 2.220783341186272190e-20
8.640164538191982047e+02 2.188734940082158595e-20
8.683365360882941104e+02 2.104471781877371831e-20
8.726782187687355190e+02 1.833184894512136481e-20
8.770416098625792074e+02 1.997469382618678428e-20
8.814268179118920443e+02 2.396110269416197645e-20
8.858339520014515074e+02 1.919287868848773146e-20
8.902631217614585921e+02 1.909584159509285300e-20
8.947144373702656139e+02 2.023501850389382206e-20
8.991880095571168567e+02 2.358621838868757711e-20
9.036839496049024092e+02 1.827351087290667788e-20
9.082023693529266666e+02 2.254914907554074421e-20
9.127433811996912709e+02 2.341532476774561758e-20
9.173070981056895334e+02 2.326873093957906577e-20
9.218936335962176827e+02 2.242524363480926710e-20
9.265031017641986182e+02 2.070849544799543078e-20
9.311356172730195340e+02 2.215591884960049432e-20
9.357912953593844350e+02 2.017617232745643616e-20
9.404702518361813190e+02 1.974755495212229462e-20
9.451726030953620921e+02 2.038799411119579964e-20
9.498984661108388536e+02 1.886446761559968193e-20
9.546479584413930297e+02 2.520202167803968736e-20
9.594211982335998528e+02 1.730384222250612137e-20
9.642183042247677349e+02 2.229533825486945986e-20
9.690393957458915111e+02 1.608001887793072696e-20
9.738845927246209158e+02 2.354636713173293848e-20
9.787540156882439533e+02 2.093925131880977068e-20
9.836477857666850468e+02 2.022025965863051902e-20
9.885660246955185357e+02 1.991232334947250440e-20
9.935088548189958146e+02 2.398677457450659839e-20
9.984763990930908903e+02 2.225143977162380764e-20
1.003468781088556170e+03 2.352177258679142049e-20
1.008486124993998942e+03 1.889862193781732055e-20
1.013528555618968880e+03 2.121404542647828224e-20
1.018596198397063404e+03 1.852768758226803366e-20
1.023689179389048718e+03 1.499127136475754797e-20
1.028807625285993709e+03 1.841679195178212875e-20
1.033951663412423613e+03 2.586968450690572313e-20
1.039121421729485519e+03 2.624219414390066414e-20
1.044317028838132956e+03 2.558442436151735972e-20
1.049538613982323341e+03 1.698373407401994234e-20
1.054786307052234861e+03 2.576269744543824917e-20
1.060060238587495860e+03 3.590158068252421321e-20
1.065360539780433328e+03 3.606504950652183201e-20
1.070687342479335257e+03 2.617825778491121077e-20
1.076040779191731872e+03 3.250730048282805830e-20
1.081420983087690502e+03 2.856779569544082293e-20
1.086828088003128869e+03 3.105090605648826932e-20
1.092262228443144522e+03 2.930559629272810516e-20
1.097723539585359958e+03 3.049265911348364270e-20
1.103212157283286842e+03 2.411186845379277144e-20
1.108728218069702962e+03 3.124205940292782629e-20
1.114271859160051463e+03 3.217122990080990809e-20
1.119843218455851684e+03 2.946047582159326166e-20
1.125442434548130677e+03 8.654259773353860288e-21
1.131069646720871333e+03 3.331982209515745172e-20
1.136724994954475733e+03 3.211384959889189342e-20
1.142408619929248061e+03 3.412296529718111369e-20
1.148120663028894114e+03 3.754959741901792624e-20
1.153861266344038540e+03 3.332053805974270109e-20
1.159630572675758685e+03 3.567319532930011059e-20
1.165428725539137304e+03 3.970955172688126129e-20
1.171255869166833008e+03 4.038199223271955637e-20
1.177112148512667090e+03 4.221229787634457501e-20
1.182997709255230120e+03 4.243595958391841555e-20
1.188912697801506283e+03 4.246749341565719155e-20
1.194857261290513634e+03 3.920871998049000866e-20
1.200831547596966175e+03 4.559270712147113369e-20
1.206835705334950944e+03 4.766486418835641475e-20
1.212869883861625567e+03 3.160440999110284082e-20
1.218934233280933313e+03 4.951719679762553169e-20
1.225028904447337936e+03 4.391832535388819081e-20
1.231154048969574660e+03 3.825970374976762902e-20
1.237309819214422305e+03 4.483347631388487932e-20
1.243496368310494290e+03 3.789539942783668161e-20
1.249713850152046689e+03 5.044569474746678163e-20
1.255962419402806745e+03 4.711159011408568860e-20
1.262242231499820718e+03 3.949136243886678205e-20
1.268553442657319692e+03 3.856295538383871325e-20
1.274896209870606299e+03 4.837769711635486404e-20
1.281270690919959179e+03 4.250365616791189356e-20
1.287677044374558591e+03 5.223533070532059310e-20
1.294115429596431341e+03 4.678152205830253581e-20
1.300586006744413226e+03 3.990237782000157037e-20
1.307088936778135121e+03 5.252655644285165097e-20
1.313624381462025895e+03 4.696710320106332036e-20
1.320192503369335782e+03 4.865096314317741013e-20
1.326793465886182275e+03 5.599973752772588358e-20
1.333427433215613291e+03 5.402157514361866279e-20
1.340094570381691028e+03 5.085097266060514502e-20
1.346795043233599699e+03 5.249407970068439885e-20
1.353529018449767364e+03 4.710921540633897127e-20
1.360296663542015949e+03 4.687102812781935882e-20
1.367098146859726057e+03 5.180695501518398481e-20
1.373933637594024276e+03 5.645041226384358191e-20
1.380803305781994368e+03 5.610172384156815059e-20
1.387707322310904146e+03 6.088078358880373311e-20
1.394645858922458501e+03 5.559126540087627736e-20
1.401619088217070612e+03 4.986083879309956017e-20
1.408627183658155673e+03 5.764809879083545198e-20
1.415670319576446218e+03 5.237420325871951601e-20
1.422748671174328138e+03 5.573430085830880397e-20
1.429862414530199658e+03 5.912102732119153060e-20
1.437011726602850331e+03 5.477129527683262867e-20
1.444196785235864354e+03 6.080292191327399591e-20
1.451417769162043896e+03 5.745032235693983415e-20
1.458674858007853800e+03 5.411900267557189372e-20
1.465968232297892882e+03 5.818066926333331491e-20
1.473298073459382294e+03 5.978561381908325723e-20
1.480664563826678886e+03 5.737417522889762728e-20
1.488067886645812223e+03 5.793727393636595357e-20
1.495508226079040924e+03 7.096847980769830365e-20
1.502985767209436290e+03 8.029699682686207993e-20
1.510500696045483210e+03 8.905363891851325722e-20
1.518053199525710397e+03 1.093929987217969081e-19
1.525643465523338818e+03 5.902670107723973222e-20
1.533271682850955358e+03 1.163473651081130490e-19
1.540938041265210131e+03 5.750211351508122756e-20
1.548642731471536081e+03 1.209979125156562068e-19
1.556385945128893354e+03 1.172281244379293173e-19
1.564167874854537786e+03 9.497818887033785049e-20
1.571988714228810295e+03 1.345122687981343886e-19
1.579848657799954026e+03 7.714432218864376612e-20
1.587747901088953540e+03 1.285940517349780251e-19
1.595686640594398114e+03 7.818223927382482748e-20
1.603665073797370042e+03 1.433350485821163744e-19
1.611683399166356594e+03 1.496527855569480097e-19
1.619741816162188343e+03 1.464906524131730657e-19
1.627840525242999092e+03 1.489930368601540208e-19
1.635979727869213775e+03 1.476284815368824891e-19
1.644159626508559768e+03 1.138260495539519351e-19
1.652380424641102536e+03 1.355063005550471767e-19
1.660642326764308109e+03 1.498216860215678895e-19
1.668945538398128974e+03 1.483519153240034272e-19
1.677290266090119530e+03 1.462892496886162662e-19
1.685676717420570185e+03 1.447732400306409631e-19
1.694105101007672829e+03 1.560183401543196119e-19
1.702575626512710642e+03 1.522571474435602601e-19
1.711088504645274270e+03 1.456780297053461518e-19
1.719643947168500290e+03 1.490439470673760886e-19
1.728242166904342639e+03 1.334689649325520344e-19
1.736883377738864056e+03 1.187106354067203302e-19
1.745567794627558669e+03 1.177947833994231191e-19
1.754295633600696192e+03 1.470117021925395767e-19
1.763067111768699760e+03 1.487810134946463424e-19
1.771882447327543105e+03 1.587879046968501240e-19
1.780741859564180686e+03 1.475372514166201303e-19
1.789645568862001483e+03 1.509666998931615859e-19
1.798593796706311423e+03 1.539614895559163716e-19
1.807586765689842650e+03 1.553700399007417817e-19
1.816624699518291436e+03 1.556097919596266435e-19
1.825707823015882695e+03 1.564249635547761294e-19
1.834836362130961788e+03 1.595929315371025953e-19
1.844010543941616106e+03 1.546414967045091483e-19
1.853230596661323943e+03 1.592388545850989479e-19
1.862496749644630427e+03 1.556858770025648670e-19
1.871809233392853685e+03 1.591916054506387838e-19
1.881168279559817620e+03 1.579440934977094264e-19
1.890574120957616515e+03 1.524437895614667684e-19
1.900026991562404191e+03 1.548221071176127483e-19
1.909527126520216143e+03 1.554088429466570394e-19
1.919074762152817129e+03 1.576363228335675823e-19
1.928670135963580833e+03 1.582285417343733285e-19
1.938313486643398619e+03 1.540960482567538564e-19
1.948005054076615579e+03 1.337004569709151251e-19
1.957745079346998409e+03 1.379518659759047873e-19
1.967533804743733072e+03 1.532706956327374719e-19
1.977371473767451562e+03 1.480449271650995485e-19
1.987258331136288689e+03 1.590149423982509544e-19
1.997194622791970005e+03 1.584943043345473030e-19
2.007180595905929295e+03 1.535502880418313832e-19
2.017216498885459032e+03 1.524257047860330604e-19
2.027302581379886078e+03 1.499579641153388841e-19
2.037439094286785348e+03 1.524355552761760552e-19
2.047626289758218945e+03 1.470534035444005717e-19
2.057864421207009855e+03 1.481363459184672429e-19
2.068153743313044743e+03 1.492003161072822993e-19
2.078494512029609723e+03 1.521236473030384698e-19
2.088886984589757958e+03 1.508063301185501301e-19
2.099331419512706361e+03 1.453537348930271201e-19
2.109828076610269363e+03 1.499059742435518155e-19
2.120377216993320417e+03 1.501328199830147924e-19
2.130979103078286698e+03 1.531923800532912168e-19
2.141633998593677916e+03 1.520846320685292926e-19
2.152342168586646039e+03 1.557951679603457853e-19
2.163103879429579138e+03 1.535786224881650266e-19
2.173919398826726592e+03 1.501964110792932652e-19
2.184788995820860237e+03 1.549214782965270729e-19
2.195712940799964144e+03 1.522779684410004481e-19
2.206691505503963526e+03 1.509990176669353539e-19
2.217724963031483185e+03 1.520136792423551825e-19
2.228813587846640530e+03 1.531744805808740907e-19
2.239957655785873612e+03 1.508304660020759833e-19
2.251157444064802803e+03 1.530208954940736937e-19
2.262413231285126130e+03 1.501087303401385576e-19
2.273725297441551447e+03 1.458897093886785580e-19
2.285093923928759068e+03 1.501228144899800279e-19
2.296519393548403059e+03 1.509179463800543957e-19
2.308001990516144360e+03 1.486907372740506328e-19
2.319542000468724837e+03 1.501808944467692468e-19
2.331139710471067701e+03 1.484774889157309015e-19
2.342795409023422962e+03 1.504266608400189511e-19
2.354509386068540152e+03 1.490949381069712247e-19
2.366281932998882439e+03 1.431341047179046761e-19
2.378113342663876210e+03 1.477066847581721288e-19
2.390003909377195214e+03 1.465927762005179699e-19
2.401953928924081083e+03 1.483354211700701876e-19
2.413963698568701147e+03 1.466708372946106087e-19
2.426033517061544444e+03 1.470749154421104984e-19
2.438163684646851834e+03 1.490626827764574115e-19
2.450354503070086139e+03 1.400340386443650401e-19
2.462606275585435924e+03 1.468205429641367622e-19
2.474919306963362942e+03 1.397943485146252919e-19
2.487293903498179588e+03 1.454571296275561742e-19
2.499730373015670466e+03 1.446066975042947540e-19
2.512229024880748511e+03 1.397593809536202219e-19
2.524790170005152049e+03 1.455968963802546432e-19
2.537414120855177316e+03 1.396919532970887455e-19
2.550101191459452821e+03 1.421871526642960352e-19
2.562851697416749630e+03 1.414536121497625474e-19
2.575665955903833492e+03 1.408805844297987307e-19
2.588544285683351973e+03 1.429369640718635241e-19
2.601487007111768435e+03 1.405328629174235751e-19
2.614494442147326936e+03 1.391378258885556378e-19
2.627566914358063514e+03 1.319019052037362762e-19
2.640704748929853849e+03 1.297411587970385540e-19
2.653908272674502314e+03 1.341101739887591426e-19
2.667177814037874668e+03 1.357774387395390037e-19
2.680513703108063964e+03 1.361167863284925517e-19
2.693916271623604189e+03 1.360876889309817259e-19
2.707385852981721655e+03 1.350220575760211278e-19
2.720922782246630049e+03 1.365135538784626882e-19
2.734527396157863222e+03 1.352213287144670894e-19
2.748200033138652543e+03 1.345227397838432242e-19
2.761941033304345183e+03 1.352187527449176954e-19
2.775750738470866509e+03 1.334187866724880442e-19
2.789629492163220675e+03 1.338034418386169866e-19
2.803577639624036692e+03 1.340693619314062053e-19
2.817595527822156328e+03 1.300078928130833697e-19
2.831683505461267032e+03 1.322425648398241626e-19
2.845841922988573060e+03 1.293981155963125718e-19
2.860071132603515707e+03 1.304900288039762879e-19
2.874371488266532651e+03 1.328198000509269373e-19
2.888743345707865046e+03 1.312007189577921530e-19
2.903187062436404631e+03 1.336354901818494596e-19
2.917702997748585858e+03 1.341904189482345669e-19
2.932291512737328503e+03 1.325041934092709471e-19
2.946952970301014830e+03 1.329707031408952897e-19
2.961687735152519508e+03 1.346165111378058357e-19
2.976496173828281371e+03 1.314175052643972475e-19
2.991378654697422917e+03 1.335332965318769682e-19
3.006335547970909374e+03 1.338572526161372923e-19
3.021367225710763705e+03 1.329448567770740156e-19
3.036474061839317528e+03 1.325024847210043966e-19
3.051656432148513886e+03 1.322282451328762088e-19
3.066914714309255942e+03 1.306699627466606887e-19
3.082249287880801603e+03 1.301217648214001221e-19
3.097660534320205443e+03 1.268346858903919503e-19
3.113148836991806093e+03 1.288201170915155314e-19
3.128714581176765023e+03 1.282129444561890022e-19
3.144358154082648070e+03 1.259851699047013348e-19
3.160079944853061079e+03 1.275327998365937102e-19
3.175880344577326014e+03 1.243383570750228879e-19
3.191759746300212555e+03 1.234411099756109676e-19
3.207718545031712893e+03 1.249727744688744610e-19
3.223757137756871543e+03 1.241002276999793835e-19
3.239875923445655189e+03 1.237229320810251538e-19
3.256075303062883449e+03 1.247565331381454036e-19
3.272355679578197396e+03 1.227991157638760511e-19
3.288717457976088099e+03 1.225024797696544114e-19
3.305161045265967459e+03 1.143415890545790437e-19
3.321686850492297708e+03 1.205300591956275999e-19
3.338295284744758192e+03 1.225760012299084379e-19
3.354986761168481280e+03 1.235089349664619579e-19
3.371761694974323291e+03 1.217554737663637757e-19
3.388620503449194985e+03 1.194061117600245484e-19
3.405563605966440264e+03 1.236344306976869148e-19
3.422591423996272169e+03 1.235941553695651450e-19
3.439704381116252534e+03 1.228048829826952434e-19
3.456902903021834391e+03 1.181277280007831608e-19
3.474187417536942576e+03 1.163501926103391337e-19
3.491558354624627100e+03 1.184754128552259629e-19
3.509016146397749253e+03 1.162045042588946376e-19
3.526561227129738199e+03 1.203222345674163146e-19
3.544194033265386679e+03 1.193066440950548181e-19
3.561915003431712648e+03 1.098446961696912759e-19
3.579724578448870943e+03 1.188571018181032203e-19
3.597623201341114964e+03 1.189047671195527002e-19
3.615611317347819750e+03 1.098199520635221653e-19
3.633689373934558716e+03 1.165319992312441118e-19
3.651857820804230869e+03 1.161580003470418134e-19
3.670117109908252132e+03 1.169812124740960286e-19
3.688467695457792615e+03 1.154007111428110706e-19
3.706910033935081628e+03 1.034819050896465795e-19
3.725444584104756359e+03 1.127762988401950389e-19
3.744071807025279668e+03 1.131296856470356194e-19
3.762792166060405634e+03 1.124727488482519736e-19
3.781606126890707856e+03 1.117505677179521558e-19
3.800514157525160954e+03 1.108623858512115927e-19
3.819516728312786199e+03 1.092864184385066517e-19
3.838614311954349887e+03 1.038460911480537654e-19
3.857807383514121284e+03 1.097360096745083195e-19
3.877096420431691513e+03 1.086234694073215233e-19
3.896481902533849734e+03 1.086529745759973673e-19
3.915964312046518899e+03 1.067836763887774403e-19
3.935544133606751075e+03 1.073068612920967838e-19
3.955221854274784164e+03 1.072155774650212174e-19
3.974997963546157735e+03 1.062968921240418339e-19
3.994872953363887973e+03 1.061631552304583943e-19
4.014847318130706753e+03 1.043049288723726690e-19
4.034921554721359826e+03 1.008756723074489472e-19
4.055096162494966848e+03 1.010786082891619055e-19
4.075371643307441445e+03 1.016137440939463447e-19
4.095748501523977666e+03 1.008214133077404229e-19
4.116227244031597365e+03 1.012549762343303655e-19
4.136808380251754897e+03 1.015051892932887602e-19
4.157492422153013649e+03 1.007086841544346583e-19
4.178279884263778513e+03 9.861083394607807910e-20
4.199171283685097478e+03 9.849899185747635854e-20
4.220167140103521888e+03 9.804834762735505555e-20
4.241267975804039452e+03 9.742634006593521922e-20
4.262474315683059103e+03 9.746178700271718576e-20
4.283786687261474071e+03 9.538983025717689923e-20
4.305205620697780432e+03 9.550948310935742720e-20
4.326731648801269330e+03 9.544018059287115100e-20
4.348365307045275586e+03 9.326965878661017846e-20
4.370107133580500886e+03 9.066246127344650386e-20
4.391957669248402453e+03 8.753489535383077995e-20
4.413917457594643565e+03 8.707134160983459718e-20
4.435987044882616829e+03 8.796606523423252391e-20
4.458166980107029303e+03 8.847863542045671905e-20
4.480457815007564022e+03 8.881990614467574905e-20
4.502860104082601538e+03 8.876549574602382748e-20
4.525374404603014227e+03 8.767479758950061815e-20
4.548001276626028812e+03 8.630157270348898251e-20
4.570741283009158906e+03 8.524545978734347490e-20
4.593594989424204869e+03 8.384377719028007113e-20
4.616562964371325506e+03 8.605244415773230437e-20
4.639645779193180715e+03 8.551690445427999001e-20
4.662844008089146882e+03 8.509199458452984418e-20
4.686158228129591407e+03 8.338234407434360019e-20
4.709589019270239078e+03 8.204463415486506990e-20
4.733136964366590291e+03 8.176169470586993771e-20
4.756802649188422947e+03 8.086540727219589011e-20
4.780586662434364371e+03 8.078513914272165024e-20
4.804489595746535997e+03 7.770831824301679679e-20
4.828512043725267176e+03 7.986677164274717764e-20
4.852654603943893562e+03 7.638141404409656578e-20
4.876917876963611889e+03 7.821196275008306381e-20
4.901302466348430244e+03 7.894386098918925526e-20
4.925808978680171094e+03 7.779395722729057941e-20
4.950438023573571627e+03 7.613985169650113323e-20
4.975190213691438657e+03 7.671298046877487558e-20
5.000066164759895400e+03 7.473745152741497894e-20
5.025066495583693722e+03 7.462885632624321164e-20
5.050191828061611886e+03 7.384538134604421722e-20
5.075442787201919600e+03 7.446499481134184478e-20
5.100820001137928557e+03 7.406422675580849229e-20
5.126324101143617554e+03 7.268207260177636534e-20
5.151955721649334919e+03 6.999267700951669230e-20
5.177715500257580970e+03 7.249084756092836813e-20
5.203604077758869607e+03 7.223249304484555764e-20
5.229622098147662655e+03 7.306312545263893055e-20
5.255770208638399708e+03 7.136266910793519684e-20
5.282049059681591643e+03 7.099370492366508586e-20
5.308459304979999615e+03 7.074682048602457974e-20
5.335001601504898645e+03 6.923723453869659103e-20
5.361676609512423056e+03 6.850789869829026501e-20
5.388484992559983766e+03 6.995206843274742731e-20
5.415427417522783799e+03 7.006709430205982497e-20
5.442504554610396553e+03 6.871479321742083840e-20
5.469717077383447759e+03 6.711242746139533603e-20
5.497065662770364725e+03 6.807191446080541047e-20
5.524550991084216548e+03 6.739777490363931786e-20
5.552173746039637081e+03 6.761622486313943143e-20
5.579934614769834297e+03 6.700915941931848279e-20
5.607834287843682432e+03 6.509891477884630355e-20
5.635873459282900512e+03 6.534924768985302195e-20
5.664052826579314569e+03 6.219000434983230883e-20
5.692373090712209887e+03 6.217741730465930957e-20
5.720834956165771473e+03 6.338951123906151439e-20
5.749439130946599107e+03 6.242022314961179557e-20
5.778186326601331530e+03 6.363157763830116495e-20
5.807077258234337023e+03 6.106748693163564027e-20
5.836112644525508586e+03 5.982632377206676636e-20
5.865293207748134591e+03 6.148477243309520439e-20
5.894619673786875865e+03 5.890388752927597173e-20
5.924092772155809143e+03 5.890586859900082132e-20
5.953713236016586961e+03 6.026608830843990063e-20
5.983481802196669378e+03 5.972366689751976963e-20
6.013399211207653025e+03 6.014020998242373204e-20
6.043466207263690194e+03 5.877298434847421317e-20
6.073683538300007967e+03 5.717300397600536669e-20
6.104051955991507384e+03 6.062434227822947971e-20
6.134572215771464471e+03 5.984972840106651394e-20
6.165245076850320402e+03 5.729407797021643136e-20
6.196071302234571704e+03 5.875525811960542803e-20
6.227051658745744135e+03 5.759731587027224516e-20
6.258186917039472974e+03 5.656511820585862764e-20
6.289477851624668801e+03 5.775282759818173173e-20
6.320925240882791513e+03 5.648116956453752803e-20
6.352529867087205275e+03 5.506859212174975290e-20
6.384292516422641711e+03 5.705327483751523829e-20
6.416213979004753128e+03 5.715424123355412843e-20
6.448295048899775793e+03 5.659596631436544466e-20
6.480536524144274154e+03 5.576565907086371366e-20
6.512939206764995106e+03 5.461412920604650303e-20
6.545503902798819581e+03 5.621992333893118900e-20
6.578231422312814175e+03 5.580608121412604543e-20
6.611122579424375544e+03 5.531074007024489894e-20
6.644178192321497590e+03 5.345652037434766234e-20
6.677399083283102300e+03 5.340709752087454149e-20
6.710786078699517930e+03 5.613580228874856773e-20
6.744340009093015397e+03 5.255719239437672651e-20
6.778061709138479273e+03 5.346144713073269688e-20
6.811952017684171551e+03 5.403586125311648947e-20
6.846011777772591813e+03 5.288385515015400400e-20
6.880241836661453817e+03 5.396403725345089696e-20
6.914643045844760309e+03 5.199650644754295952e-20
6.949216261073983333e+03 5.124529759655891125e-20
6.983962342379354595e+03 5.112877133994012202e-20
7.018882154091249504e+03 4.997790059641611485e-20
7.053976564861704901e+03 5.172859954177581487e-20
7.089246447686011379e+03 4.915577249123548133e-20
7.124692679924441109e+03 4.750297010966896823e-20
7.160316143324062068e+03 4.931139064271461930e-20
7.196117724040680514e+03 4.330269167551914972e-20
7.232098312660882584e+03 4.689044049515915061e-20
7.268258804224186861e+03 4.596483963000273988e-20
7.304600098245306981e+03 4.509716279268554609e-20
7.341123098736531574e+03 4.108278533109050693e-20
7.377828714230212427e+03 3.963927221566381323e-20
7.414717857801362698e+03 4.427042012645592869e-20
7.451791447090368820e+03 4.345427096373257845e-20
7.489050404325820637e+03 4.124062293316529528e-20
7.526495656347447948e+03 3.970678800881774675e-20
7.564128134629184387e+03 4.022585432274703215e-20
7.601948775302330432e+03 3.838623627863214380e-20
7.639958519178841016e+03 4.190565687091568724e-20
7.678158311774735921e+03 4.012816774558871985e-20
7.716549103333609310e+03 3.972284821595612115e-20
7.755131848850275674e+03 4.123772310631643037e-20
7.793907508094527657e+03 3.701782042095428269e-20
7.832877045634998467e+03 3.724055030472246783e-20
7.872041430863173446e+03 3.886181175919337683e-20
7.911401638017487130e+03 3.878596118743943504e-20
7.950958646207573111e+03 3.442578568752117681e-20
7.990713439438611204e+03 3.648991196557901032e-20
8.030667006635802863e+03 3.457956801330371934e-20
8.070820341668981200e+03 3.713663177239325918e-20
8.111174443377324678e+03 3.667446179389415644e-20
8.151730315594209060e+03 3.435393334371525061e-20
8.192488967172179400e+03 3.255238414478873881e-20
8.233451412008040279e+03 3.298207525195725479e-20
8.274618669068080635e+03 3.141569516452532600e-20
8.315991762413419565e+03 3.107729254221134862e-20
8.357571721225485817e+03 3.231467513547496911e-20
8.399359579831612791e+03 3.273367456866299543e-20
8.441356377730768145e+03 3.130441585683974938e-20
8.483563159619419821e+03 3.131206634439923462e-20
8.525980975417518493e+03 3.084603511255037735e-20
8.568610880294603703e+03 3.071537132104533617e-20
8.611453934696077340e+03 2.928076635158225186e-20
8.654511204369555344e+03 2.976157044044638479e-20
8.697783760391401302e+03 2.871325258125618118e-20
8.741272679193358272e+03 2.772910218599194907e-20
8.784979042589324308e+03 2.670206346111049410e-20
8.828903937802268047e+03 2.514974037639439995e-20
8.873048457491280715e+03 2.430741628655582079e-20
8.917413699778735463e+03 2.568019126231985978e-20
8.962000768277628595e+03 2.615118839424304266e-20
9.006810772119013563e+03 2.610839856832878362e-20
9.051844825979609595e+03 2.446697636267697318e-20
9.097104050109506716e+03 2.402457215138202982e-20
9.142589570360052676e+03 2.375280358069967030e-20
9.188302518211852657e+03 2.307055944576703239e-20
9.234244030802910856e+03 2.345086447357222584e-20
9.280415250956924865e+03 2.573267739753508657e-20
9.326817327211709198e+03 2.189796457642277691e-20
9.373451413847766162e+03 2.525431104085889976e-20
9.420318670917004056e+03 2.257000557135792523e-20
9.467420264271588167e+03 2.133844394314612720e-20
9.514757365592944552e+03 2.316347267320432160e-20
9.562331152420907529e+03 2.081460645217030432e-20
9.610142808183012676e+03 2.220006505263704784e-20
9.658193522223926266e+03 2.101523541506795917e-20
9.706484489835045679e+03 1.809024705304505563e-20
9.755016912284218051e+03 1.814405768256804216e-20
9.803791996845639005e+03 1.803274874817966595e-20
9.852810956829865972e+03 1.693806841157468192e-20
9.902075011614015239e+03 1.668641962789571579e-20
9.951585386672082677e+03 1.536806584426724264e-20
1.000134331360544275e+04 1.468377691671089911e-20
1.005135003017346935e+04 1.451824743406682549e-20
1.010160678032433498e+04 1.381604605002741471e-20
1.015211481422595534e+04 1.422860597964390700e-20
1.020287538829708319e+04 1.370560082289673441e-20
1.025388976523856763e+04 1.429200877851639248e-20
1.030515921406475900e+04 1.409908976871706095e-20
1.035668501013508285e+04 1.460201786027647454e-20
1.040846843518575770e+04 1.434771847109845142e-20
1.046051077736168554e+04 1.510813512009116309e-20
1.051281333124849152e+04 1.476479273734663392e-20
1.056537739790473279e+04 1.579815857255034609e-20
1.061820428489425467e+04 1.475433156603936781e-20
1.067129530631872512e+04 1.580110708092964311e-20
1.072465178285031652e+04 1.546782039632225640e-20
1.077827504176456750e+04 1.394268555767258031e-20
1.083216641697338855e+04 1.495880728414862698e-20
1.088632724905825671e+04 1.426407734899400706e-20
1.094075888530354496e+04 1.574386345352497310e-20
1.099546267973006252e+04 1.576654025763581686e-20
1.105043999312870983e+04 1.552233209769186298e-20
1.110569219309435357e+04 1.461779947271912910e-20
1.116122065405982357e+04 1.521747998901212008e-20
1.121702675733012256e+04 1.541533769232002728e-20
1.127311189111677231e+04 1.447592421283841626e-20
1.132947745057235443e+04 1.464313577727400956e-20
1.138612483782521485e+04 1.345596757903557957e-20
1.144305546201434117e+04 1.233481463125863536e-20
1.150027073932441090e+04 1.375648459927969308e-20
1.155777209302103074e+04 1.308083986008275214e-20
1.161556095348613599e+04 1.208007201626419531e-20
1.167363875825356445e+04 1.251947485378953327e-20
1.173200695204483236e+04 1.113208058072035660e-20
1.179066698680505397e+04 1.073032758947599170e-20
1.184962032173907755e+04 9.895601258760805365e-21
1.190886842334777248e+04 9.512228876394333365e-21
1.196841276546451081e+04 9.134148198135936863e-21
1.202825482929183272e+04 8.875097365909025414e-21
1.208839610343829190e+04 8.776557901371802204e-21
1.214883808395548112e+04 8.529545516318557777e-21
1.220958227437525602e+04 8.392128798039229454e-21
1.227063018574713169e+04 8.366807687758658619e-21
1.233198333667586667e+04 8.319202498819999581e-21
1.239364325335924332e+04 8.196946963369433262e-21
1.245561146962603743e+04 8.134771568470320002e-21
1.251788952697416789e+04 8.037184150026559279e-21
1.258047897460903732e+04 7.872804652950471949e-21
1.264338136948208194e+04 7.821226322917099947e-21
1.270659827632949055e+04 7.701895881373507839e-21
1.277013126771113639e+04 7.699719639186843818e-21
1.283398192404969086e+04 7.830412816092746143e-21
1.289815183366993733e+04 7.847577523814947817e-21
1.296264259283828505e+04 8.060642330841075830e-21
1.302745580580247588e+04 8.592863515706038852e-21
1.309259308483148561e+04 1.033006120259278394e-20
1.315805605025564182e+04 1.273895336352423220e-20
1.322384633050691991e+04 1.444029742075671025e-20
1.328996556215945202e+04 1.593523784267555912e-20
1.335641538997024691e+04 1.281402408086251832e-20
1.342319746692009721e+04 9.442543573903883711e-21
1.349031345425469590e+04 8.800333081314047164e-21
1.355776502152596731e+04 7.991762231686180347e-21
1.362555384663359473e+04 7.843897335095024444e-21
1.369368161586676069e+04 7.888058645975542790e-21
1.376215002394609110e+04 7.983310512453723080e-21
1.383096077406581935e+04 7.953343998944351193e-21
1.390011557793614884e+04 7.484515250979702078e-21
1.396961615582582817e+04 7.454060680451849387e-21
1.403946423660495748e+04 7.079038533373093974e-21
1.410966155778798020e+04 7.152923309570977669e-21
1.418020986557691867e+04 6.949598088930086181e-21
1.425111091490480248e+04 6.522489016316926007e-21
1.432236646947932604e+04 6.697807353944757005e-21
1.439397830182671896e+04 6.528724921947883124e-21
1.446594819333585110e+04 6.524228488759273010e-21
1.453827793430252677e+04 6.260180204730928188e-21
1.461096932397403907e+04 5.958712763706835538e-21
1.468402417059390609e+04 5.750162741490979501e-21
1.475744429144687274e+04 5.627523078671247674e-21
1.483123151290410897e+04 5.379827914694067722e-21
1.490538767046862631e+04 5.177426821288036073e-21
1.497991460882096726e+04 4.997462894536960192e-21
1.505481418186507108e+04 4.725395236769231807e-21
1.513008825277439610e+04 4.576932955186408540e-21
1.520573869403826575e+04 4.481101142154160382e-21
1.528176738750845470e+04 4.386198696571654001e-21
1.535817622444599692e+04 4.260802061124588962e-21
1.543496710556822654e+04 4.205471749833532862e-21
1.551214194109606615e+04 4.143926578582384019e-21
1.558970265080154604e+04 4.082964987711726590e-21
1.566765116405555091e+04 4.016996767084323616e-21
1.574598941987582657e+04 3.999867633830487000e-21
1.582471936697520505e+04 3.985914698856939351e-21
1.590384296381007880e+04 3.964570875375237933e-21
1.598336217862912781e+04 3.947809638420027823e-21
1.606327898952227224e+04 3.895512419842790377e-21
1.614359538446988154e+04 3.831593965078793784e-21
1.622431336139223095e+04 3.882091113111781147e-21
1.630543492819918902e+04 3.905560443170840391e-21
1.638696210284018161e+04 3.904366716850933154e-21
1.646889691335438329e+04 3.962107166126632922e-21
1.655124139792115238e+04 3.929824028901220021e-21
1.663399760491075722e+04 3.719832091444420524e-21
1.671716759293530777e+04 3.677436066660200051e-21
1.680075343089998205e+04 3.802742340521253599e-21
1.688475719805448171e+04 3.729685255506530948e-21
1.696918098404475313e+04 3.765194333672852867e-21
1.705402688896497421e+04 3.771791150195915981e-21
1.713929702340979566e+04 3.740956027483608810e-21
1.722499350852684438e+04 3.578598936900525400e-21
1.731111847606947777e+04 3.412490676399714183e-21
1.739767406844982179e+04 3.329281350011742134e-21
1.748466243879206741e+04 3.080263605804174477e-21
1.757208575098602523e+04 2.979906895990914469e-21
1.765994617974095308e+04 2.905257656606265767e-21
1.774824591063966000e+04 2.985722914353636294e-21
1.783698714019285762e+04 2.964377286589591588e-21
1.792617207589382087e+04 2.833145892804297143e-21
1.801580293627328501e+04 2.845850620244448490e-21
1.810588195095465198e+04 2.810703059233907464e-21
1.819641136070942230e+04 2.635386283741014253e-21
1.828739341751296524e+04 2.450294502841152508e-21
1.837883038460052558e+04 2.374604169584240133e-21
1.847072453652352851e+04 2.350194575413859662e-21
1.856307815920614303e+04 2.340990383362351234e-21
1.865589355000216892e+04 2.344069403395235231e-21
1.874917301775217857e+04 2.285381052246761577e-21
1.884291888284093875e+04 2.195243262536127761e-21
1.893713347725514177e+04 2.203662622483465471e-21
1.903181914464142028e+04 2.247813634817209743e-21
1.912697824036462043e+04 2.201684308616081351e-21
1.922261313156644610e+04 2.140682929467405996e-21
1.931872619722427407e+04 2.083556858774241472e-21
1.941531982821039128e+04 2.071370126273652331e-21
1.951239642735143934e+04 2.035047513130158611e-21
1.960995840948819750e+04 2.010622301962366239e-21
1.970800820153563473e+04 1.974836982708197555e-21
1.980654824254331106e+04 1.948248945763034037e-21
1.990558098375603004e+04 1.871205930372789255e-21
2.000510888867480389e+04 1.822289450154686281e-21
2.010513443311817900e+04 1.852733204962004129e-21
2.020566010528376864e+04 1.816878883027734400e-21
2.030668840581018230e+04 1.770861396630653856e-21
2.040822184783923149e+04 1.786006821374494070e-21
2.051026295707842655e+04 1.809905029211189473e-21
2.061281427186381552e+04 1.827493812714379446e-21
2.071587834322313211e+04 1.859151683030983961e-21
2.081945773493924207e+04 1.891396649265302111e-21
2.092355502361393519e+04 1.919522435920297008e-21
2.102817279873200459e+04 1.970159017773067528e-21
2.113331366272566447e+04 1.972852402002017596e-21
2.123898023103928790e+04 1.943169302341264315e-21
2.134517513219448301e+04 1.870000263710883633e-21
2.145190100785545292e+04 1.783214434832587682e-21
2.155916051289473035e+04 1.736206033186065515e-21
2.166695631545919969e+04 1.694567125285980277e-21
2.177529109703649374e+04 1.696094656511796821e-21
2.188416755252167786e+04 1.693027411395194781e-21
2.199358839028427974e+04 1.698364352326139401e-21
2.210355633223569748e+04 1.715605968940183692e-21
2.221407411389687695e+04 1.766509991902894182e-21
2.232514448446635652e+04 1.811565786635396781e-21
2.243677020688868652e+04 1.881038440380778371e-21
2.254895405792312886e+04 1.977662211783755757e-21
2.266169882821274223e+04 2.094843983535711799e-21
2.277500732235380201e+04 2.180994685858908390e-21
2.288888235896556944e+04 2.240138198114266297e-21
2.300332677076039181e+04 2.179095080555628595e-21
2.311834340461419561e+04 2.090772171051470923e-21
2.323393512163726336e+04 2.010233694805060636e-21
2.335010479724544712e+04 1.925145832538203108e-21
2.346685532123167286e+04 1.895551081544334964e-21
2.358418959783782702e+04 1.878376985271590739e-21
2.370211054582701399e+04 1.883915173181163008e-21
2.382062109855614835e+04 1.918852016003042123e-21
2.393972420404892910e+04 1.994340696351599435e-21
2.405942282506917036e+04 2.130596165426051120e-21
2.417971993919451415e+04 2.299261072466753522e-21
2.430061853889048507e+04 2.658818302540154378e-21
2.442212163158493786e+04 3.050863547808310549e-21
2.454423223974285793e+04 3.803368973442338101e-21
2.466695340094156927e+04 4.642616222915742032e-21
2.479028816794627346e+04 5.823474255714668890e-21
2.491423960878600337e+04 6.560576263998447877e-21
2.503881080682992979e+04 6.476061078516287844e-21
2.516400486086407909e+04 5.861670645242094580e-21
2.528982488516839658e+04 4.683735159746881443e-21
2.541627400959423539e+04 3.812400656628799945e-21
2.554335537964220202e+04 3.129157355221255119e-21
2.567107215654041283e+04 2.737274371673540398e-21
2.579942751732311081e+04 2.404588878725082841e-21
2.592842465490972245e+04 2.257474081948059453e-21
2.605806677818426760e+04 2.134937948086810583e-21
2.618835711207518762e+04 2.100759225988395421e-21
2.631929889763556275e+04 2.068750864616406615e-21
2.645089539212373711e+04 2.058075769276092971e-21
2.658314986908435094e+04 2.063484789000004499e-21
2.671606561842976953e+04 2.086422789610818899e-21
2.684964594652191590e+04 2.098587007239887200e-21
2.698389417625452188e+04 2.085350372686673584e-21
2.711881364713579387e+04 2.064546202233617503e-21
2.725440771537147157e+04 2.032595811791380668e-21
2.739067975394832320e+04 2.011459054703998211e-21
2.752763315271806641e+04 1.987802338364997641e-21
2.766527131848165300e+04 1.972672598200881983e-21
2.780359767507405923e+04 1.962306177177235674e-21
2.794261566344942548e+04 1.983015831466615626e-21
2.808232874176666883e+04 2.026933492369098597e-21
2.822274038547549935e+04 2.075920014173686908e-21
2.836385408740286948e+04 2.143375814234766626e-21
2.850567335783987801e+04 2.230854080958545206e-21
2.864820172462907431e+04 2.338702753519155370e-21
2.879144273325222457e+04 2.464745033651294337e-21
2.893539994691848551e+04 2.625483001964921163e-21
2.908007694665306917e+04 2.798408874452147282e-21
2.922547733138633339e+04 3.016905129078585406e-21
2.937160471804326517e+04 3.247233889560199623e-21
2.951846274163347698e+04 3.553483933363823004e-21
2.966605505534164331e+04 3.910321234240799145e-21
2.981438533061834823e+04 4.377698603615364631e-21
2.996345725727143144e+04 4.927022609625438071e-21
3.011327454355778173e+04 5.565338547536237706e-21
3.026384091627557063e+04 6.143692408528776367e-21
3.041516012085694820e+04 6.677218522876316786e-21
3.056723592146122974e+04 6.854550993007451761e-21
3.072007210106853017e+04 6.880172165318245241e-21
3.087367246157387126e+04 6.711562707994780006e-21
3.102804082388173629e+04 6.516484793608440101e-21
3.118318102800113775e+04 6.407264858682098484e-21
3.133909693314113974e+04 6.281392698429544562e-21
3.149579241780684242e+04 6.050573345758986171e-21
3.165327137989587573e+04 5.739695289074696371e-21
3.181153773679534788e+04 5.255069559886618615e-21
3.197059542547932506e+04 4.747188626851766160e-21
3.213044840260671845e+04 4.210863249196400349e-21
3.229110064461974980e+04 3.752869141533209615e-21
3.245255614784284990e+04 3.346805795119774774e-21
3.261481892858206265e+04 3.056978839312477605e-21
3.277789302322496951e+04 2.799706370052724499e-21
3.294178248834108672e+04 2.651277878988401015e-21
3.310649140078279015e+04 2.516691559196813973e-21
3.327202385778669850e+04 2.456216009041426010e-21
3.343838397707563126e+04 2.408232883951140966e-21
3.360557589696100331e+04 2.408281587977836756e-21
3.377360377644580149e+04 2.437139994449298846e-21
3.394247179532803420e+04 2.517984961530697851e-21
3.411218415430466848e+04 2.647344310770566060e-21
3.428274507507618546e+04 2.818522909732875533e-21
3.445415880045156518e+04 2.881549686902727257e-21
3.462642959445381712e+04 2.899040327683553062e-21
3.479956174242608540e+04 2.669108919875568105e-21
3.497355955113821256e+04 2.397198183485186148e-21
3.514842734889389976e+04 2.116265486658473235e-21
3.532416948563836195e+04 1.851667762935607282e-21
3.550079033306655765e+04 1.671647181748005611e-21
3.567829428473188455e+04 1.510592710418765521e-21
3.585668575615553709e+04 1.396952957065806420e-21
3.603596918493630801e+04 1.305927609575657252e-21
3.621614903086099366e+04 1.230674768270741123e-21
3.639722977601528692e+04 1.170981200306483177e-21
3.657921592489536124e+04 1.121590749188147454e-21
3.676211200451983314e+04 1.083427796996498953e-21
3.694592256454243034e+04 1.050923118942124193e-21
3.713065217736514023e+04 1.029673687498118055e-21
3.731630543825195491e+04 1.008070950270773232e-21
3.750288696544322011e+04 9.844429142787029027e-22
3.769040140027042798e+04 9.631877312541349696e-22
3.787885340727177390e+04 9.444383157049290668e-22
3.806824767430813517e+04 9.305620927436248758e-22
3.825858891267966828e+04 9.188599811972119319e-22
3.844988185724306095e+04 9.041981620724137023e-22
3.864213126652927895e+04 8.918054447200890099e-22
3.883534192286191683e+04 8.771208065008121173e-22
3.902951863247622532e+04 8.667855744709727124e-22
3.922466622563860437e+04 8.602447082248040329e-22
3.942078955676678743e+04 8.509650335545912407e-22
3.961789350455061503e+04 8.458557160770861001e-22
3.981598297207336145e+04 8.390949712161017668e-22
4.001506288693372335e+04 8.308338058145108568e-22
4.021513820136839058e+04 8.239681965538536403e-22
4.041621389237522817e+04 8.209756637673457744e-22
4.061829496183710580e+04 8.190174767925136367e-22
4.082138643664628034e+04 8.181384712916495395e-22
4.102549336882950593e+04 8.185722307785641868e-22
4.123062083567364607e+04 8.199418526810914970e-22
4.143677393985200615e+04 8.232817631853858158e-22
4.164395780955126247e+04 8.272090858166952076e-22
4.185217759859901707e+04 8.344360023200678879e-22
4.206143848659200739e+04 8.424556267911841236e-22
4.227174567902496347e+04 8.571682853357081582e-22
4.248310440742008359e+04 8.719830781848656001e-22
4.269551992945717939e+04 8.954989825460954006e-22
4.290899752910446114e+04 9.214526981588193612e-22
4.398172246733206703e+04 1.275482702607853878e-21
4.508126552901537070e+04 3.915227088080259032e-21
4.620829716724074387e+04 2.116042083941238373e-21
4.736350459642175701e+04 1.529893523765427683e-21
4.854759221133230312e+04 1.621553814176830832e-21
4.976128201661560161e+04 1.666556640295231474e-21
5.100531406703098764e+04 1.887168076146041313e-21
5.228044691870675888e+04 1.132696107433213402e-21
5.358745809167441621e+04 9.781453580245397875e-22
5.492714454396627843e+04 9.113365818378110155e-22
5.630032315756542084e+04 8.063165520255423448e-22
5.770783123650455673e+04 7.648869597194979965e-22
5.915052701741716737e+04 6.995500687839764066e-22
6.062929019285259710e+04 6.946717776586008823e-22
6.214502244767390948e+04 7.177141173716627312e-22
6.369864800886574812e+04 8.219260473397107650e-22
6.529111420908737637e+04 9.014622707075191829e-22
6.692339206431456842e+04 1.001488956230551270e-21
6.859647686592242098e+04 1.038651248824935145e-21
7.031138878757049679e+04 9.349357687578665351e-22
7.206917350725975120e+04 7.949359947876666709e-22
7.387090284494122898e+04 6.947083627220397424e-22
7.571767541606476880e+04 6.818740211339220872e-22
7.761061730146638001e+04 6.328569958790451887e-22
7.955088273400302569e+04 6.068824009279537635e-22
8.153965480235309224e+04 5.867685205072768194e-22
8.357814617241192900e+04 5.706512961297256531e-22
8.566759982672221668e+04 5.564522247913778262e-22
8.780928982239027391e+04 5.453813463283756670e-22
9.000452206795001985e+04 5.338057252331237864e-22
9.225463511964875215e+04 5.248887186725005842e-22
9.456100099763997423e+04 5.181644438887972738e-22
9.692502602258096158e+04 5.129831035533993696e-22
9.934815167314547580e+04 5.094187840545711727e-22
1.018318554649741127e+05 5.072577435068489477e-22
1.043776518515984499e+05 5.067178280536597363e-22
1.069870931478884013e+05 5.078750175403318129e-22
1.096617704765856033e+05 5.103246174910462651e-22
1.124033147385002521e+05 5.142216482834809058e-22
1.152133976069627533e+05 5.192611632478209999e-22
1.180937325471367949e+05 5.252650696661168796e-22
1.210460758608152100e+05 5.317513420963814271e-22
1.240722277573355968e+05 5.384874959054182929e-22
1.271740334512689587e+05 5.451014301208982851e-22
1.303533842875506671e+05 5.511743165351751076e-22
1.336122188947394025e+05 5.575528463359702230e-22
1.369525243671078642e+05 5.609179484902255981e-22
1.403763374762855528e+05 5.649859127036021305e-22
1.438857459131926880e+05 5.677113552872453954e-22
1.474828895610224863e+05 5.692833140108414890e-22
1.511699618000480405e+05 5.707136333807661117e-22
1.549492108450492378e+05 5.716731470987881938e-22
1.588229411161754397e+05 5.721207999164483463e-22
1.627935146440798126e+05 5.728576800498799410e-22
1.668633525101817795e+05 5.740654622998366105e-22
1.710349363229363225e+05 5.762186217624353883e-22
1.753108097310097073e+05 5.792960296799654571e-22
1.796935799742849194e+05 5.838790849471729742e-22
1.841859194736420759e+05 5.899867563317599101e-22
1.887905674604831147e+05 5.978891115136839043e-22
1.935103316469951533e+05 6.076311123893216641e-22
1.983480899381699855e+05 6.194962580094842412e-22
2.033067921866242250e+05 6.333699482621247939e-22
2.083894619912898052e+05 6.496580017787430985e-22
2.135991985410720226e+05 6.680229675771027485e-22
2.189391785045988509e+05 6.884460200372806745e-22
2.244126579672137741e+05 7.108994490664078012e-22
2.300229744163940777e+05 7.354628019870462086e-22
2.357735487768039166e+05 7.619096583152364057e-22
2.416678874962239643e+05 7.900528124907893488e-22
2.477095846836295386e+05 8.192441322843674586e-22
2.539023243007202691e+05 8.499249178857572069e-22
2.602498824082382489e+05 8.816841692145229763e-22
2.667561294684441527e+05 9.137831767053661702e-22
2.734250327051552595e+05 9.462566421454309212e-22
2.802606585227841279e+05 9.785422325846031172e-22
2.872671749858536641e+05 1.010790711028376533e-21
2.944488543605000013e+05 1.042896189922571543e-21
3.018100757195124752e+05 1.073738135582421956e-21
3.093553276125002885e+05 1.102939321982639569e-21
3.170892108028127113e+05 1.130841445106410883e-21
3.250164410728830262e+05 1.156528987674319213e-21
3.331418520997050800e+05 1.180220841827603042e-21
3.414703984021976357e+05 1.201603412730424707e-21
3.500071583622525213e+05 1.220108453803049046e-21
3.587573373213088489e+05 1.237469792114355309e-21
3.677262707543415600e+05 1.248636876874281523e-21
3.769194275232000509e+05 1.258365596635711370e-21
3.863424132112800144e+05 1.264624595140034334e-21
3.960009735415619798e+05 1.267621834494863691e-21
4.059009978801010293e+05 1.267499595782278080e-21
4.160485228271035012e+05 1.263853381478914511e-21
4.264497358977810363e+05 1.257325501937067242e-21
4.371109792952256394e+05 1.248218577365703485e-21
4.480387537776062381e+05 1.236434327273955038e-21
4.592397226220463635e+05 1.222752280223299523e-21
4.707207156875975197e+05 1.207560588358707625e-21
4.824887335797874257e+05 1.190275838409268232e-21
4.945509519192820298e+05 1.172322758199608194e-21
5.069147257172641112e+05 1.153530965355107485e-21
5.195875938601956586e+05 1.134844759161089844e-21
5.325772837067004293e+05 1.115604250609093225e-21
5.458917157993678702e+05 1.093382965484416280e-21
5.595390086943521164e+05 1.062673402566403049e-21
5.735274839117109077e+05 1.020276136935108762e-21
5.878656710095035378e+05 9.711381597481982341e-22
6.025623127847410506e+05 9.208357389369621742e-22
6.176263706043595448e+05 8.719098238030023883e-22
6.330670298694684170e+05 8.252427030454099437e-22
6.488937056162051158e+05 7.794557973927108512e-22
6.651160482566101709e+05 7.356200448462710119e-22
6.817439494630254339e+05 6.932868112451434093e-22
6.987875481996008893e+05 6.524365108224749860e-22
7.162572369045908563e+05 6.127573680513829124e-22
7.341636678272054996e+05 5.745658585565222297e-22
7.525177595228855498e+05 5.378028997452454291e-22
7.713307035109575372e+05 5.022876712178533631e-22
7.906139710987315048e+05 4.683917037562586597e-22
8.103793203761996701e+05 4.359117728450638600e-22
8.306388033856046386e+05 4.049081243308267527e-22
8.514047734702447196e+05 3.753366781858161181e-22
8.726898928070006659e+05 3.472961617666788364e-22
8.945071401271757204e+05 3.207689699288454040e-22
9.168698186303550610e+05 2.958229602731253888e-22
9.397915640961138997e+05 2.722875447575768381e-22
9.632863531985165318e+05 2.502222906679924405e-22
9.873685120284793666e+05 2.291826216911292915e-22
1.012052724829191342e+06 2.092127814099757804e-22
1.037354042949921102e+06 1.901743978639385922e-22
1.063287894023668952e+06 1.725870428970297271e-22
1.089870091374260606e+06 1.564156452265889324e-22
1.117116843658616999e+06 1.415963002728704925e-22
1.145044764750082279e+06 1.280647529962478607e-22
1.173670883868834469e+06 1.157088794762639752e-22
1.203012655965554994e+06 1.043890547849538706e-22
1.233087972364693647e+06 9.409607413828895872e-23
1.263915171673811041e+06 8.472701192670210781e-23
1.295513050965656061e+06 7.622188483633722735e-23
1.327900877239797497e+06 6.848486072276985871e-23
1.361098399170792196e+06 6.151492058558223248e-23
1.395125859150061850e+06 5.516748238781726214e-23
1.430004005628813524e+06 4.944758486366707928e-23
1.465754105769533897e+06 4.429704020098045827e-23
1.502397958413772052e+06 3.964059512220735892e-23
1.539957907374116126e+06 3.544663141676096647e-23
1.578456855058468878e+06 3.168707646972568212e-23
1.617918276434930507e+06 2.830384653907604210e-23
1.658366233345803805e+06 2.525974425212690258e-23
1.699825389179448830e+06 2.254315026091938551e-23
1.742321023908935022e+06 2.009968516760369189e-23
1.785879049506658223e+06 1.790781159237969007e-23
1.830526025744324550e+06 1.595361188998525765e-23
1.876289176387932617e+06 1.420359226908461533e-23
1.923196405797630548e+06 1.263862229236613338e-23
1.971276315942571266e+06 1.124124593884768991e-23
2.020558223841135157e+06 9.994712386898975928e-24
2.071072179437163519e+06 8.881581069805842882e-24
2.122848983923092484e+06 7.890672190759200190e-24
2.175920208521169610e+06 7.007687498091515983e-24
2.230318213734199293e+06 6.221225378765311949e-24
2.286076169077553786e+06 5.520900630047480206e-24
2.343228073304492049e+06 4.899488324224998926e-24
2.401808775137104560e+06 4.344434240250068986e-24
2.461853994515532162e+06 3.853315482635342644e-24
2.523400344378420152e+06 3.416664658363006678e-24
2.586485352987880819e+06 3.027281749794064915e-24
2.651147486812577583e+06 2.682317169607554531e-24
2.717426173982891720e+06 2.377904888508434862e-24
2.785361828332464211e+06 2.106228057390363182e-24
2.854995874040775001e+06 1.864738555443479592e-24
2.926370770891794469e+06 1.651207020814217915e-24
2.999530040164088830e+06 1.461509218598562924e-24
3.074518291168191005e+06 1.293219903950486884e-24
3.151381248447394930e+06 1.144546620426521548e-24
3.230165779658579733e+06 1.012148265834637700e-24
3.310919924150044098e+06 8.945828407783545068e-25
3.393692922253794968e+06 7.907277114031518355e-25
3.478535245310139842e+06 6.986751630009082852e-25
3.565498626442892011e+06 6.168851412251119880e-25
3.654636092103964183e+06 5.446220040529542667e-25
3.746001994406563230e+06 4.806513631365917142e-25
3.839652044266726822e+06 4.240497547989006588e-25
3.935643345373394433e+06 3.740331479331772990e-25
4.034034429007729050e+06 3.298537227351802096e-25
4.134885289732920937e+06 2.908291832511480612e-25
4.238257421976244077e+06 2.563908889757916699e-25
4.344213857525650412e+06 2.260416320216655687e-25
4.452819203963791020e+06 1.991723715820235680e-25
4.564139684062885121e+06 1.754539761237555637e-25
4.678243176164457574e+06 1.545655660674429793e-25
4.795199255568568595e+06 1.361540534015427287e-25
4.915079236957781948e+06 1.198870960521629735e-25
5.037956217881726101e+06 1.055979459474666040e-25
5.163905123328768648e+06 9.296881283426238932e-26
5.293002751411987469e+06 8.182841964021609046e-26
5.425327820197286084e+06 7.205342469313912769e-26
5.560961015702217817e+06 6.343305606819405589e-26
5.699985041094773449e+06 5.582681704649708338e-26
5.842484667122142389e+06 4.914787729200559063e-26
5.988546783800194971e+06 4.325301042321701055e-26
6.138260453395199031e+06 3.806407590243980225e-26
6.291716964730078354e+06 3.351584541283272631e-26
6.449009888848329894e+06 2.950105518094593143e-26
6.610235136069538072e+06 2.595495041652592396e-26
6.775491014471275732e+06 2.284284477737937096e-26
6.944878289833056740e+06 2.010513292567123152e-26
7.118500247078883462e+06 1.768609034175170702e-26
7.296462753255854361e+06 1.556737122305467707e-26
7.478874322087248787e+06 1.370671224883795855e-26
7.665846180139431730e+06 1.206732558239950587e-26
7.857492334642915055e+06 1.061971000209459136e-26
8.053929643008987419e+06 9.349408685888543526e-27
8.255277884084211662e+06 8.229477326550278488e-27
8.461659831186315045e+06 7.242613191274751851e-27
8.673201326965972781e+06 6.376832644049578860e-27
8.890031360140120611e+06 5.614159605222002546e-27
9.112282144143622369e+06 4.941107791012857698e-27
9.340089197747211903e+06 4.352473571936683082e-27
9.573591427690893412e+06 3.832451374307390022e-27
9.812931213383164257e+06 3.374314420845264827e-27
1.005825449371774308e+07 2.973420479544382008e-27
1.030971085606068745e+07 2.620931009151991897e-27
1.056745362746220268e+07 2.310331144833454046e-27
1.083163996814875677e+07 2.036518107626882916e-27
1.110243096735247597e+07 1.795239285768594812e-27
1.137999174153628573e+07 1.582279618476105680e-27
1.166449153507469222e+07 1.395259774111512400e-27
1.195610382345155813e+07 1.230537885009462011e-27
1.225500641903784685e+07 1.084837082464112567e-27
1.256138157951379195e+07 9.563838023128285519e-28
1.287541611900163628e+07 8.435012425343295347e-28
1.319730152197667584e+07 7.444232973443228420e-28
1.352723406002609059e+07 6.567998049971961670e-28
1.386541491152674519e+07 5.797138873669685339e-28
1.421205028431491181e+07 5.114118200513816325e-28
1.456735154142278433e+07 4.513055026529696354e-28
1.493153532995835319e+07 3.984025334282811080e-28
1.530482371320731007e+07 3.516348202988353083e-28
1.568744430603749119e+07 3.104502818262265272e-28
1.607963041368842684e+07 2.741470710709494749e-28
1.648162117403063551e+07 2.420978126316155984e-28
1.689366170338139683e+07 2.137573473650952301e-28
1.731600324596593529e+07 1.888247911892479619e-28
1.774890332711508125e+07 1.670671349608428817e-28
1.819262591029295698e+07 1.475872754870324839e-28
1.864744155805027857e+07 1.304426720701379272e-28
1.911362759700153023e+07 1.152616792192619798e-28
1.959146828692657128e+07 1.018640406519034020e-28
2.008125499409973249e+07 9.006427175978309266e-29
2.058328636895222217e+07 7.968164993782888800e-29
2.109786852817602828e+07 7.051445932094129369e-29
2.162531524138043076e+07 6.248943302960716877e-29
2.216594812241493911e+07 5.526826185951583829e-29
2.272009682547530904e+07 4.888246529018595927e-29
2.328809924611219019e+07 4.324310711234977793e-29
2.387030172726499289e+07 3.826191469034108430e-29
2.446705927044661343e+07 3.394481556948904006e-29
2.507873575220777839e+07 3.006371530465215923e-29
2.570570414601296932e+07 2.668543270633589443e-29
2.634834674966328964e+07 2.363878045093687450e-29
2.700705541840486974e+07 2.093236898225994208e-29
2.768223180386499316e+07 1.854067651364045241e-29
2.837428759896161035e+07 1.645029385449572863e-29
2.908364478893565014e+07 1.458355586409108492e-29
2.981073590865904093e+07 1.292137161572366938e-29
3.055600430637551472e+07 1.144842091785992402e-29
3.131990441403489560e+07 1.015002780287448773e-29
3.210290202438576892e+07 8.995897728206173978e-30
3.290547457499540970e+07 7.972636257894629446e-30
3.372811143937028944e+07 7.063847599364485775e-30
3.457131422535454482e+07 6.266952051770833955e-30
3.543559708098840714e+07 5.559066361707846554e-30
3.632148700801311433e+07 4.930083143400674065e-30
3.722952418321343511e+07 4.372367975115199293e-30
3.816026228779377043e+07 3.876770326497350315e-30
3.911426884498860687e+07 3.436812603131797661e-30
4.009212556611331552e+07 3.047230848249082874e-30
4.109442870526614785e+07 1.954847759375105593e-34
