4.592718970538612666e+01 0.000000000000000000e+00
4.707536944802077983e+01 0.000000000000000000e+00
4.825225368422130146e+01 0.000000000000000000e+00
4.945856002632682191e+01 0.000000000000000000e+00
5.069502402698499566e+01 0.000000000000000000e+00
5.196239962765961451e+01 0.000000000000000000e+00
5.326145961835109688e+01 0.000000000000000000e+00
5.459299610880986364e+01 0.000000000000000000e+00
5.595782101153011467e+01 0.000000000000000000e+00
5.735676653681835546e+01 0.000000000000000000e+00
5.879068570023881080e+01 0.000000000000000000e+00
6.026045284274477609e+01 0.000000000000000000e+00
6.176696416381339105e+01 0.000000000000000000e+00
6.331113826790871713e+01 0.000000000000000000e+00
6.489391672460642724e+01 0.000000000000000000e+00
6.651626464272158046e+01 0.000000000000000000e+00
6.817917125878962281e+01 0.000000000000000000e+00
6.988365054025935308e+01 0.000000000000000000e+00
7.163074180376582945e+01 0.000000000000000000e+00
7.342151034885996808e+01 0.000000000000000000e+00
7.525704810758145413e+01 0.000000000000000000e+00
7.713847431027097912e+01 0.000000000000000000e+00
7.906693616802775182e+01 0.000000000000000000e+00
8.104360957222843354e+01 0.000000000000000000e+00
8.306969981153415006e+01 0.000000000000000000e+00
8.514644230682249315e+01 0.000000000000000000e+00
8.727510336449304873e+01 0.000000000000000000e+00
8.945698094860534866e+01 0.000000000000000000e+00
9.169340547232047811e+01 0.000000000000000000e+00
9.398574060912848438e+01 0.000000000000000000e+00
9.633538412435669329e+01 0.000000000000000000e+00
9.874376872746559286e+01 0.000000000000000000e+00
1.012123629456522167e+02 0.000000000000000000e+00
1.037426720192935363e+02 0.000000000000000000e+00
1.063362388197758435e+02 0.000000000000000000e+00
1.089946447902702289e+02 0.000000000000000000e+00
1.117195109100269832e+02 0.000000000000000000e+00
1.145124986827776468e+02 0.000000000000000000e+00
1.173753111498470787e+02 0.000000000000000000e+00
1.203096939285932621e+02 0.000000000000000000e+00
1.233174362768080812e+02 0.000000000000000000e+00
1.264003721837282654e+02 0.000000000000000000e+00
1.295603814883214682e+02 0.000000000000000000e+00
1.327993910255295020e+02 0.000000000000000000e+00
1.361193758011677062e+02 0.000000000000000000e+00
1.395223601961969280e+02 0.000000000000000000e+00
1.430104192011018256e+02 0.000000000000000000e+00
1.465856796811293634e+02 0.000000000000000000e+00
1.502503216731576003e+02 0.000000000000000000e+00
1.540065797149865148e+02 0.000000000000000000e+00
1.578567442078611691e+02 0.000000000000000000e+00
1.618031628130576678e+02 0.000000000000000000e+00
1.658482418833841052e+02 0.000000000000000000e+00
1.699944479304687093e+02 0.000000000000000000e+00
1.742443091287304355e+02 0.000000000000000000e+00
1.786004168569486694e+02 0.000000000000000000e+00
1.830654272783723684e+02 0.000000000000000000e+00
1.876420629603316854e+02 0.000000000000000000e+00
1.923331145343399555e+02 0.000000000000000000e+00
1.971414423976984267e+02 0.000000000000000000e+00
2.020699784576409002e+02 0.000000000000000000e+00
2.071217279190818772e+02 0.000000000000000000e+00
2.122997711170589241e+02 0.000000000000000000e+00
2.176072653949854043e+02 0.000000000000000000e+00
2.230474470298600238e+02 0.000000000000000000e+00
2.286236332056064953e+02 0.000000000000000000e+00
2.343392240357466676e+02 0.000000000000000000e+00
2.401977046366403101e+02 0.000000000000000000e+00
2.462026472525562895e+02 0.000000000000000000e+00
2.523577134338701740e+02 0.000000000000000000e+00
2.586666562697168956e+02 8.293107314305566738e-79
2.651333226764597839e+02 1.248338620001563959e-77
2.717616557433712501e+02 9.174851146354552625e-77
2.785556971369555299e+02 5.965443011071885612e-76
2.855195895653793627e+02 3.480613791638486563e-75
2.926575793045138880e+02 1.845748935166098737e-74
2.999740187871266812e+02 1.825322770947634972e-73
3.074733692568048014e+02 2.486356148353752896e-72
3.151602034882249086e+02 1.536959622510275143e-71
3.230392085754305072e+02 7.638544410942613859e-71
3.311151887898162158e+02 3.389403744961318679e-70
3.393930685095615445e+02 1.396009957551293805e-69
3.478778952223006513e+02 4.505452552444710265e-68
3.565748426028580411e+02 2.819332591179628089e-67
3.654892136679294481e+02 1.319192639344660522e-66
3.746264440096277326e+02 5.405099476898790733e-66
3.839921051098683620e+02 6.357221242793450323e-65
3.935919077376149744e+02 6.252790769363485910e-64
4.034317054310553772e+02 2.869990423520063765e-63
4.135174980668316493e+02 1.079195488522729152e-62
4.238554355185024747e+02 5.086641677044929639e-62
4.344518214064649442e+02 3.948935982137188809e-61
4.453131169416265038e+02 1.757577890766662771e-60
4.564459448651671778e+02 6.581248608569257120e-60
4.678570934867963160e+02 4.273819226517985833e-59
4.795535208239661529e+02 2.753772213060173137e-58
4.915423588445653422e+02 1.124366297703096584e-57
5.038309178156793564e+02 3.888804812092111145e-57
5.164266907610713133e+02 2.765441140557740968e-56
5.293373580300981303e+02 1.123200434566428633e-55
5.425707919808505721e+02 3.720136860864452365e-55
5.561350617803716432e+02 1.868881011091895371e-54
5.700384383248809854e+02 7.301482391826358845e-54
5.842893992830029219e+02 2.550065561126156535e-53
5.988966342650779779e+02 9.914243449046360845e-53
6.138690501217048450e+02 3.656225961336632895e-52
6.292157763747474064e+02 1.156384807564908913e-51
6.449461707841160205e+02 4.609930883004033836e-51
6.610698250537188869e+02 1.483988401157380001e-50
6.775965706800617454e+02 4.558243141306349410e-50
6.945364849470632862e+02 1.369853550803298011e-49
7.118998970707399394e+02 3.441757347858128262e-49
7.296973944975082986e+02 8.836506754021575547e-49
7.479398293599460885e+02 2.236642852297705184e-48
7.666383250939445588e+02 5.683598486599951619e-48
7.858042832212930762e+02 1.377324440452829124e-47
8.054493903018254741e+02 3.273199318850183775e-47
8.255856250593710683e+02 7.362386470237767066e-47
8.462252656858552200e+02 1.524949294546621588e-46
8.673808973280015380e+02 3.196480845530060333e-46
8.890654197612014968e+02 6.229147922211711146e-46
9.112920552552315030e+02 1.149449683402848548e-45
9.340743566366120376e+02 1.777409051892502422e-45
9.574262155525273101e+02 3.484814182886628462e-45
9.813618709413402712e+02 5.039980501816113616e-45
1.005895917714873576e+03 7.317674595107207158e-45
1.031043315657745552e+03 1.257876947947861332e-44
1.056819398549188918e+03 1.707643081371711334e-44
1.083239883512918595e+03 2.625743443180182485e-44
1.110320880600741475e+03 4.001228021555300269e-44
1.138078902615759944e+03 5.692320125712233148e-44
1.166530875181153760e+03 8.363767788697157683e-44
1.195694147060682781e+03 1.262975830829093459e-43
1.225586500737199685e+03 1.850153787556361570e-43
1.256226163255629444e+03 2.626000085234329292e-43
1.287631817337020266e+03 4.510074910864724226e-43
1.319822612770445630e+03 6.475227595961972097e-43
1.352818178089706635e+03 1.072694823036709878e-42
1.386638632541949164e+03 1.574255333095441338e-42
1.421304598355497774e+03 1.842581150809632578e-42
1.456837213314385053e+03 2.543176853437323241e-42
1.493258143647244424e+03 3.197036331295620709e-42
1.530589597238425540e+03 4.371716583867661226e-42
1.568854337169386326e+03 5.501250931394419416e-42
1.608075695598620541e+03 6.280355668966531299e-42
1.648277587988586220e+03 7.758999738180258768e-42
1.689484527688300886e+03 8.848050906583611221e-42
1.731721640880508403e+03 1.088986447657346737e-41
1.775014681902521033e+03 1.613536555434863484e-41
1.819390048950083610e+03 2.475704348458142801e-41
1.864874800173835411e+03 5.934822669336557286e-41
1.911496670178181375e+03 1.271849472805579111e-40
1.959284086932635773e+03 2.530588093270225416e-40
2.008266189105951298e+03 9.730804139422259012e-40
2.058472843833600109e+03 3.068763721486272439e-39
2.109934664929439805e+03 6.296353343139202736e-39
2.162683031552675857e+03 1.272134532674079092e-38
2.216750107341492367e+03 2.789687979020609131e-38
2.272168860025029517e+03 5.976657999578419411e-38
2.328973081525654834e+03 1.258183193862132970e-37
2.387197408563796216e+03 2.732062188283681577e-37
2.446877343777890928e+03 5.766425076161568140e-37
2.508049277372338111e+03 1.322616972496929360e-36
2.570750509306646563e+03 3.047339747333468558e-36
2.635019272039312455e+03 7.015427459455913508e-36
2.700894753840294470e+03 1.591323367801238242e-35
2.768417122686301809e+03 3.709054154003201285e-35
2.837627550753459673e+03 8.124319106056040445e-35
2.908568239522295698e+03 1.728672023719946239e-34
2.981282445510352773e+03 3.343233747203917652e-34
3.055814506648111546e+03 6.807663872831530505e-34
3.132209869314314346e+03 1.460800268195837080e-33
3.210515116047171887e+03 3.249707503801761601e-33
3.290777993948350286e+03 6.493793452761093826e-33
3.373047443797059259e+03 2.115044330366068867e-32
3.457373629891985729e+03 8.914580274772669702e-32
3.543807970639284576e+03 1.216574409528001027e-31
3.632403169905267077e+03 3.168836463305625081e-31
3.723213249152898243e+03 5.836525114066259022e-31
3.816293580381720858e+03 1.008419791922783914e-30
3.911700919891263766e+03 3.753635401096393574e-30
4.009493442888544905e+03 1.281122186465328916e-29
4.109730778960758471e+03 3.331118027956881582e-29
4.212474048434777615e+03 6.089747004298120196e-29
4.317785899645646168e+03 9.157901282187543590e-29
4.425730547136787209e+03 1.357758108535018298e-28
4.536373810815206525e+03 2.060973691782118431e-28
4.649783156085586597e+03 2.854631992979092026e-28
4.766027734987726035e+03 3.688841312734638036e-28
4.885178428362418344e+03 5.157936548281702829e-28
5.007307889071478712e+03 8.270547929525988743e-28
5.132490586298265043e+03 1.156398601939228710e-27
5.260802850955722533e+03 1.482810949745872891e-27
5.392322922229614051e+03 1.855225883242000450e-27
5.527130995285353492e+03 5.197873067071279143e-27
5.665309270167488648e+03 6.552495205024978126e-27
5.806942001921674091e+03 8.571426697883943360e-27
5.952115551969714943e+03 1.064120052990054296e-26
6.100918440768956316e+03 1.463714003868438920e-26
6.253441401788180883e+03 1.926975503166219092e-26
6.409777436832883723e+03 2.341491195797485807e-26
6.570021872753705793e+03 4.382982896106113801e-26
6.734272419572547733e+03 7.044051079757462780e-26
6.902629230061861563e+03 8.608370732849663658e-26
7.075194960813406396e+03 1.056865377889875060e-25
7.252074834833740169e+03 1.306901162217394375e-25
7.433376705704584310e+03 1.608357393635728396e-25
7.619211123347196917e+03 1.949140705754076538e-25
7.809691401430876795e+03 2.357472078262985237e-25
8.004933686466647487e+03 2.873515484232363595e-25
8.205057028628310945e+03 3.289579699245580438e-25
8.410183454344019992e+03 3.817116359191186865e-25
8.620438040702618309e+03 3.623122346890097401e-25
8.835948991720182676e+03 2.703449657638626288e-25
9.056847716513188061e+03 1.925637862176829486e-25
9.283268909426016762e+03 1.478394318412637497e-25
9.515350632161665999e+03 1.113922831702287084e-25
9.753234397965708922e+03 9.240462291928223163e-26
9.997065257914850008e+03 9.726673120318451690e-26
1.024699188936271821e+04 1.091097443310159263e-25
1.050316668659678726e+04 1.948549821305885592e-25
1.076574585376170580e+04 3.518881015919207683e-25
1.103488950010574627e+04 4.615206354805060486e-25
1.131076173760838901e+04 4.664099308066570844e-25
1.159353078104859742e+04 5.115257843231857485e-25
1.188336905057481272e+04 5.257277035298624217e-25
1.218045327683918185e+04 5.573910388503241324e-25
1.248496460876016135e+04 5.878390622355641616e-25
1.279708872397916275e+04 6.084539967245281413e-25
1.311701594207864036e+04 6.392872785767049003e-25
1.344494134063060483e+04 6.582734828529496300e-25
1.378106487414636831e+04 6.711672883939867015e-25
1.384997019851709774e+04 6.571724240951825800e-25
1.391922004950968039e+04 5.692856560026567177e-25
1.398881614975722914e+04 5.786608273145658482e-25
1.405876023050601361e+04 6.726727997213269543e-25
1.412905403165854295e+04 6.952872224904658405e-25
1.419969930181683230e+04 7.149098942814958025e-25
1.427069779832591303e+04 7.296552540114585280e-25
1.434205128731754303e+04 7.276368343556422582e-25
1.441376154375412807e+04 7.459238836231801085e-25
1.448583035147289775e+04 7.455824259720012497e-25
1.455825950323025972e+04 7.557845023739851808e-25
1.463105080074640864e+04 7.629925406393926889e-25
1.470420605475014054e+04 7.709609441097285482e-25
1.477772708502388923e+04 7.807175580157451223e-25
1.485161572044900640e+04 7.793336099514818532e-25
1.492587379905125090e+04 7.844387275294681773e-25
1.500050316804650538e+04 7.860294915701592154e-25
1.507550568388673491e+04 7.900225731324274688e-25
1.515088321230616930e+04 7.931275478761806371e-25
1.522663762836769820e+04 7.899541569212178042e-25
1.530277081650953551e+04 8.046767570252163906e-25
1.537928467059208015e+04 7.986079710662643725e-25
1.545618109394504063e+04 8.049280695042408706e-25
1.553346199941476152e+04 8.077496016610673905e-25
1.561112930941183367e+04 8.155674575186763684e-25
1.568918495595889181e+04 8.145214771889282380e-25
1.576763088073868494e+04 8.102766829613728768e-25
1.584646903514237420e+04 8.109459413166405370e-25
1.592570138031808528e+04 8.180833353153663425e-25
1.600532988721967558e+04 8.149643572998364747e-25
1.608535653665577229e+04 8.213876039558634875e-25
1.616578331933905065e+04 8.282720899488107008e-25
1.624661223593574323e+04 8.273817286353576933e-25
1.632784529711542018e+04 8.271399317474379783e-25
1.640948452360099691e+04 8.353579897332123184e-25
1.649153194621899820e+04 8.322789373196653960e-25
1.657398960595008975e+04 8.336613806996032569e-25
1.665685955397984435e+04 8.357004503280706996e-25
1.674014385174974086e+04 8.386480962299823843e-25
1.682384457100848522e+04 8.382319271557069225e-25
1.690796379386352419e+04 8.393881108850350415e-25
1.699250361283283928e+04 8.495928771527397225e-25
1.707746613089700259e+04 8.437197496973101087e-25
1.716285346155148727e+04 8.261127878248344084e-25
1.724866772885924365e+04 8.472033794569186447e-25
1.733491106750353720e+04 8.367117196256229733e-25
1.742158562284105210e+04 8.429562968106496687e-25
1.750869355095525316e+04 8.263132058284648546e-25
1.759623701871003141e+04 8.503698403004674239e-25
1.768421820380357894e+04 8.135995515097036108e-25
1.777263929482259118e+04 8.220377339427985188e-25
1.786150249129670556e+04 8.247439868805655065e-25
1.795081000375318399e+04 8.253178999423604832e-25
1.804056405377195188e+04 8.388436412644201667e-25
1.813076687404080803e+04 8.378309546324222704e-25
1.822142070841100940e+04 8.527770587735254721e-25
1.831252781195306306e+04 8.540889814124084108e-25
1.840409045101282754e+04 8.355671044978034570e-25
1.849611090326789054e+04 8.512579264808955989e-25
1.858859145778422680e+04 8.564582982829151680e-25
1.868153441507315074e+04 8.454213324227401770e-25
1.877494208714851266e+04 8.560808843677047851e-25
1.886881679758425162e+04 8.522759326478338938e-25
1.896316088157217018e+04 8.580829143625622502e-25
1.905797668598002929e+04 8.562509093064838048e-25
1.915326656940993053e+04 8.309702449163104795e-25
1.924903290225697856e+04 8.390929084128501129e-25
1.934527806676825639e+04 8.362494060116341937e-25
1.944200445710209897e+04 8.496393989381305758e-25
1.953921447938760684e+04 8.302390386448208146e-25
1.963691055178454189e+04 8.325470710418030217e-25
1.973509510454346309e+04 8.453407420589572834e-25
1.983377058006617881e+04 8.494404866573835211e-25
1.993293943296650832e+04 8.392998404207290588e-25
2.003260413013133439e+04 8.616379324011407528e-25
2.013276715078199049e+04 8.532932181724471649e-25
2.023343098653589914e+04 8.591115406589240884e-25
2.033459814146857752e+04 8.600178963403004844e-25
2.043627113217591977e+04 8.552096691159534590e-25
2.053845248783679563e+04 8.507586798375528622e-25
2.064114475027597655e+04 8.574703601580027631e-25
2.074435047402735654e+04 8.459695805435369647e-25
2.084807222639748943e+04 8.495932235107665987e-25
2.095231258752947906e+04 8.521611174481823204e-25
2.105707415046712049e+04 8.384624475169492236e-25
2.116235952121945593e+04 8.439494557205250095e-25
2.126817131882555259e+04 8.483852399769362444e-25
2.137451217541967708e+04 8.445952801447143472e-25
2.148138473629677173e+04 8.430907978341570338e-25
2.158879165997825112e+04 8.319215701863496357e-25
2.169673561827814410e+04 8.432245227372962920e-25
2.180521929636953428e+04 8.455672106773309324e-25
2.191424539285137507e+04 8.428399625221056782e-25
2.202381661981562866e+04 8.382885855402775943e-25
2.213393570291471042e+04 8.380701533591325173e-25
2.224460538142927908e+04 8.278207477107714938e-25
2.235582840833642331e+04 8.348079719823983738e-25
2.246760755037810304e+04 8.373388856685763823e-25
2.257994558812999094e+04 8.376617581123102632e-25
2.269284531607063764e+04 8.293544672713023314e-25
2.280630954265098990e+04 8.239819412808457861e-25
2.292034109036423979e+04 8.234549331640929907e-25
2.303494279581605952e+04 8.202568580516756693e-25
2.315011750979513454e+04 8.361634375223685295e-25
2.326586809734410781e+04 8.507117944996106179e-25
2.338219743783083322e+04 8.599281748391847110e-25
2.349910842501998195e+04 8.597246803407511099e-25
2.361660396714507806e+04 8.658741459414130190e-25
2.373468698698080698e+04 8.532559849665362009e-25
2.385336042191570959e+04 8.476517238190916097e-25
2.397262722402528016e+04 8.459817785305905060e-25
2.409249036014540616e+04 8.519034398733623477e-25
2.421295281194612835e+04 8.410983530207323472e-25
2.433401757600585915e+04 8.416736677447356564e-25
2.445568766388588119e+04 8.464957167249034301e-25
2.457796610220531147e+04 8.415395219155332626e-25
2.470085593271633479e+04 8.227495885237484526e-25
2.482436021237991372e+04 8.394651715176932936e-25
2.494848201344181143e+04 8.377480871941300547e-25
2.507322442350901838e+04 8.392679667234887975e-25
2.519859054562656092e+04 8.284284855754234658e-25
2.532458349835469198e+04 8.259298685547412510e-25
2.545120641584646364e+04 7.531788482198666079e-25
2.557846244792569632e+04 8.352453058627901656e-25
2.570635476016531902e+04 8.492865526134249407e-25
2.583488653396614245e+04 8.554094936255714477e-25
2.596406096663597054e+04 8.439299461111832993e-25
2.609388127146914485e+04 8.488337307339055759e-25
2.622435067782648548e+04 8.694170760273950661e-25
2.635547243121562133e+04 8.608374951157750853e-25
2.648724979337169862e+04 8.642295440432256241e-25
2.661968604233855149e+04 8.581705204259229364e-25
2.675278447255024366e+04 8.637863360261291102e-25
2.688654839491298844e+04 8.659207892438411395e-25
2.702098113688755257e+04 8.795253288445445630e-25
2.715608604257198749e+04 8.847820246735848389e-25
2.729186647278484452e+04 8.836114089698844157e-25
2.742832580514876463e+04 8.786994132003509038e-25
2.756546743417450125e+04 8.781845908717725980e-25
2.770329477134537228e+04 8.906455363435160883e-25
2.784181124520209414e+04 9.066650381256587225e-25
2.798102030142810690e+04 7.838860003646619872e-25
2.812092540293524507e+04 8.983089194833740341e-25
2.826153002994991766e+04 9.140898162612714308e-25
2.840283768009966298e+04 9.344505228891847610e-25
2.854485186850016180e+04 9.414890572466029999e-25
2.868757612784265802e+04 9.349533563063946506e-25
2.883101400848186677e+04 9.605699731287667281e-25
2.897516907852427539e+04 9.622904645574398077e-25
2.912004492391689564e+04 9.664689119674703999e-25
2.926564514853647415e+04 9.902880298294080229e-25
2.941197337427915045e+04 1.004525910906584272e-24
2.955903324115054420e+04 1.012208172391940627e-24
2.970682840735629361e+04 1.010944634996436353e-24
2.985536254939307037e+04 1.025851090774018643e-24
3.000463936214003479e+04 1.047316595084346405e-24
3.015466255895073118e+04 1.050801639336639664e-24
3.030543587174548520e+04 1.066253036202894046e-24
3.045696305110420508e+04 1.063587406050771555e-24
3.060924786635972487e+04 1.086838832073621003e-24
3.076229410569152242e+04 1.089248668519234640e-24
3.091610557621997577e+04 1.125665578221478856e-24
3.107068610410107431e+04 1.147752416995982838e-24
3.122603953462157733e+04 1.160515367311183298e-24
3.138216973229467840e+04 1.176235742254711269e-24
3.153908058095614615e+04 1.165237736880369960e-24
3.169677598386091995e+04 1.208678420938641116e-24
3.185525986378022571e+04 1.224818411715424048e-24
3.201453616309911740e+04 1.230504188400710760e-24
3.217460884391461514e+04 1.275990327063300913e-24
3.233548188813418165e+04 1.301952857789092458e-24
3.249715929757484992e+04 1.312618010246497460e-24
3.265964509406272191e+04 1.361707303064379903e-24
3.282294331953303481e+04 1.386423058380110465e-24
3.298705803613069293e+04 1.412626314966188711e-24
3.315199332631134166e+04 1.429773599047203121e-24
3.331775329294289986e+04 1.481369640520151232e-24
3.348434205940760876e+04 1.507287633196120698e-24
3.365176376970463753e+04 1.549677535039759200e-24
3.382002258855315449e+04 1.599380453683180713e-24
3.398912270149592223e+04 1.628477460021437667e-24
3.415906831500339467e+04 1.679565644392014707e-24
3.432986365657840361e+04 1.718650268382817441e-24
3.450151297486129624e+04 1.744008302266989715e-24
3.467402053973559669e+04 1.829164680308398687e-24
3.484739064243427129e+04 1.886904737930564260e-24
3.502162759564643784e+04 1.929685338609690619e-24
3.519673573362466414e+04 1.979593723733237393e-24
3.537271941229278309e+04 2.060436828746799424e-24
3.554958300935423904e+04 2.138825868072396650e-24
3.572733092440100882e+04 2.224991993002362317e-24
3.590596757902301033e+04 2.320990144103913551e-24
3.608549741691812233e+04 2.393870184594553367e-24
3.626592490400270617e+04 2.258810815981920403e-24
3.644725452852271701e+04 2.599867638814208761e-24
3.662949080116532423e+04 2.696572275868271474e-24
3.681263825517115038e+04 2.751125371696672279e-24
3.699670144644699758e+04 2.958955159121605444e-24
3.718168495367922878e+04 3.039792887428679772e-24
3.736759337844762194e+04 3.233551706097681272e-24
3.755443134533985722e+04 3.358731964576539489e-24
3.774220350206654985e+04 3.564760401781184374e-24
3.793091451957687968e+04 3.739048335798320712e-24
3.812056909217476641e+04 3.951065694325038519e-24
3.831117193763563409e+04 4.039829943051248120e-24
3.850272779732380877e+04 4.381794088715306907e-24
3.869524143631041807e+04 4.654383833638141431e-24
3.888871764349196746e+04 4.916217176365288078e-24
3.908316123170942592e+04 5.219152041490810424e-24
3.927857703786797356e+04 5.332711039135769644e-24
3.947496992305730237e+04 5.817557990881624418e-24
3.967234477267258626e+04 6.177312719673134974e-24
3.987070649653594592e+04 6.617402179989962525e-24
4.007006002901862666e+04 7.056041145438850949e-24
4.027041032916370750e+04 7.523474092346443628e-24
4.047176238080953044e+04 8.075745088798589776e-24
4.067412119271356642e+04 8.691908714796130351e-24
4.087749179867713246e+04 9.340675227902325118e-24
4.108187925767051638e+04 1.001421126659018870e-23
4.128728865395886532e+04 1.073678799589593620e-23
4.149372509722865652e+04 1.169371659826209479e-23
4.170119372271480097e+04 1.274025800139008929e-23
4.190969969132835831e+04 1.891509617484228787e-23
4.211924818978499388e+04 2.286604255163117946e-23
4.232984443073390867e+04 3.153923123396002498e-23
4.254149365288758418e+04 2.786292744490593559e-23
4.275420112115200754e+04 2.871454071828903115e-23
4.296797212675776973e+04 5.956902803352349693e-23
4.318281198739154934e+04 6.576347152115640804e-23
4.339872604732851323e+04 7.226509849666594604e-23
4.361571967756513914e+04 2.789413986091208058e-23
4.383379827595295501e+04 8.564419021710049782e-23
4.405296726733271498e+04 8.155820439351895350e-23
4.427323210366937565e+04 1.005974052540770102e-22
4.449459826418771991e+04 7.474737638437499886e-23
4.471707125550864293e+04 5.019465947810873463e-23
4.494065661178618757e+04 8.286787669427029012e-23
4.516535989484511083e+04 1.391493926539744000e-22
4.539118669431933085e+04 2.133796498300459835e-22
4.561814262779091951e+04 2.407166869617501372e-22
4.584623334092987352e+04 2.784063255672713476e-22
4.607546450763451867e+04 2.873612004145569907e-22
4.630584183017268515e+04 2.173539195501958139e-22
4.653737103932354512e+04 1.506600110579694538e-22
4.677005789452014869e+04 9.004302009317727452e-23
4.700390818399274576e+04 6.163635240173791529e-23
4.723892772491271171e+04 8.071000345150266598e-23
4.747512236353726621e+04 1.152518845049988708e-22
4.771249797535494145e+04 1.938526435591734081e-22
4.795106046523171244e+04 3.610038876030302036e-22
4.819081576755786955e+04 5.146013170638773734e-22
4.843176984639565489e+04 6.112722582096326724e-22
4.867392869562762644e+04 7.671280907829023229e-22
4.891729833910576417e+04 7.644754779933771353e-22
4.916188483080128935e+04 9.175313902950487045e-22
4.940769425495528412e+04 9.912935187503491321e-22
4.965473272623006051e+04 1.135821932794827900e-21
4.990300638986121339e+04 9.001536109306431608e-22
5.015252142181051022e+04 9.722156824902009974e-22
5.040328402891955920e+04 8.316717515318443479e-22
5.065530044906415424e+04 1.951391340128781265e-21
5.090857695130947104e+04 1.084864296335585224e-21
5.116311983606600552e+04 1.317504066293503430e-21
5.141893543524632696e+04 2.292357686166583157e-21
5.167603011242255161e+04 1.877279369167051455e-21
5.193441026298466750e+04 1.758336075916428546e-21
5.219408231429957959e+04 2.291583702656688011e-21
5.245505272587106447e+04 1.634881509047178775e-21
5.271732798950041615e+04 1.629756236751980205e-21
5.298091462944790692e+04 1.692477201559579160e-21
5.324581920259515027e+04 1.324430002130592629e-21
5.351204829860811878e+04 1.573954497324119804e-21
5.377960854010114417e+04 1.184661177369391500e-21
5.404850658280164498e+04 1.013570013586459303e-21
5.431874911571564735e+04 8.978251561857631383e-22
5.459034286129422253e+04 5.162037001025857849e-22
5.486329457560069568e+04 1.152237034237931554e-22
5.513761104847868410e+04 1.563163910463452902e-22
5.541329910372107406e+04 6.016619077433712423e-23
5.569036559923967434e+04 5.992406243940865867e-23
5.596881742723585921e+04 1.229291118712452487e-22
5.624866151437204098e+04 1.857661523273489556e-22
5.652990482194389915e+04 3.191754033744079658e-22
5.681255434605361370e+04 8.081135960488211327e-22
5.709661711778388417e+04 1.479284474794241853e-21
5.738210020337280002e+04 2.165201549348944412e-21
5.766901070438965689e+04 3.365679847303018520e-21
5.795735575791160227e+04 2.454432224795738814e-21
5.824714253670113976e+04 4.782475553669392907e-21
5.853837824938465201e+04 4.767028993061951932e-21
5.883107014063157112e+04 5.059436704392441586e-21
5.912522549133472057e+04 6.473395318449462286e-21
5.942085161879139196e+04 7.623986734375270058e-21
5.971795587688534579e+04 7.916522597912259405e-21
6.001654565626976546e+04 5.183040396288899500e-21
6.031662838455110614e+04 7.892877135143612029e-21
6.061821152647386043e+04 8.892278365018902243e-21
6.092130258410622628e+04 9.855311364566426904e-21
6.122590909702674253e+04 9.708953647776390816e-21
6.153203864251187042e+04 1.094814799422387193e-20
6.183969883572441904e+04 9.812677932538192844e-21
6.214889732990304037e+04 9.509265435379177836e-21
6.245964181655253924e+04 1.011408559043518014e-20
6.277194002563530375e+04 9.464116542254014672e-21
6.308579972576346336e+04 1.046246894957546696e-20
6.340122872439227649e+04 1.048477759354847747e-20
6.371823486801423132e+04 1.140836649668350391e-20
6.403682604235430335e+04 1.089954665037021646e-20
6.435701017256607156e+04 1.054576966568267771e-20
6.467879522342888959e+04 1.149151229852982565e-20
6.500218919954603189e+04 1.022463275308313338e-20
6.532720014554374939e+04 1.164827732018264499e-20
6.565383614627146744e+04 1.143354489834782416e-20
6.598210532700280601e+04 1.196963103658752583e-20
6.631201585363782942e+04 1.205887880194252952e-20
6.664357593290600926e+04 1.369600971939850588e-20
6.697679381257052592e+04 1.331170763901132655e-20
6.731167778163336334e+04 1.325071606146304392e-20
6.764823617054152419e+04 1.200723857590819990e-20
6.798647735139423457e+04 1.331918983021156464e-20
6.832640973815118195e+04 1.307297768547091450e-20
6.866804178684194630e+04 1.236428029881921659e-20
6.901138199577614432e+04 1.411802882309094241e-20
6.935643890575502883e+04 1.266568364473454523e-20
6.970322110028378665e+04 1.502901229890463275e-20
7.005173720578518987e+04 1.365306441613013201e-20
7.040199589181412011e+04 6.932477257410234248e-21
7.075400587127318431e+04 1.406329773392700353e-20
7.110777590062953823e+04 1.265576637300252925e-20
7.146331478013267042e+04 9.591426984148094711e-21
7.182063135403333581e+04 9.339740166142273956e-21
7.217973451080350787e+04 1.424898912373968039e-20
7.254063318335750955e+04 1.708912993193426886e-20
7.290333634927427920e+04 1.463486015788989004e-20
7.326785303102064063e+04 1.551615820473460999e-20
7.363419229617573728e+04 1.655692566346793970e-20
7.400236325765660149e+04 1.636664825080528792e-20
7.437237507394487329e+04 1.501065023461842930e-20
7.474423694931459613e+04 1.585638546107331975e-20
7.511795813406116213e+04 1.590200727787091038e-20
7.549354792473146517e+04 1.666012386344577127e-20
7.587101566435510176e+04 1.643173814016962524e-20
7.625037074267688149e+04 1.783818142193242045e-20
7.663162259639025433e+04 1.775795629685051452e-20
7.701478070937219309e+04 1.898453458868530787e-20
7.739985461291905085e+04 2.047092737534967443e-20
7.778685388598364079e+04 1.568387566182801999e-20
7.817578815541355289e+04 1.552075353690371394e-20
7.856666709619060566e+04 2.027266155227165687e-20
7.895950043167154945e+04 1.914985744682034697e-20
7.935429793382989010e+04 2.161894941014747395e-20
7.975106942349903693e+04 2.144516162132215418e-20
8.014982477061652753e+04 2.046243496555430432e-20
8.055057389446959132e+04 2.228088256889670279e-20
8.095332676394193550e+04 2.145018499595362293e-20
8.135809339776163688e+04 2.068719383556421500e-20
8.176488386475044535e+04 2.293149862135997124e-20
8.217370828407417866e+04 2.209541569879383521e-20
8.258457682549455785e+04 2.124603076647474101e-20
8.299749970962203224e+04 1.719193058741575541e-20
8.341248720817011781e+04 2.103064971018804733e-20
8.382954964421095792e+04 2.063832697893433516e-20
8.424869739243200456e+04 2.250090139178791622e-20
8.466994087939414021e+04 1.855518414972045592e-20
8.509329058379110938e+04 1.734774923568139284e-20
8.551875703671004158e+04 2.015741167435931683e-20
8.594635082189358945e+04 2.112629539727358466e-20
8.637608257600304205e+04 1.926288220908442272e-20
8.680796298888306774e+04 2.059365042523357394e-20
8.724200280382747587e+04 2.004008554690314566e-20
8.767821281784659368e+04 2.018221435394068991e-20
8.811660388193580729e+04 1.995564511727606323e-20
8.855718690134548524e+04 1.959631684941459863e-20
8.899997283585221157e+04 1.715805006815468264e-20
8.944497270003144513e+04 2.056688410881164913e-20
8.989219756353159028e+04 2.132381942238656181e-20
9.034165855134924641e+04 2.162919164015336900e-20
9.079336684410598536e+04 2.123230093425302706e-20
9.124733367832651129e+04 1.959913367994277677e-20
9.170357034671813017e+04 2.071142336735481639e-20
9.216208819845170365e+04 1.983345256102425398e-20
9.262289863944395620e+04 1.819580575159773944e-20
9.308601313264116470e+04 1.912533584699189872e-20
9.355144319830436143e+04 1.776843843812150122e-20
9.401920041429586126e+04 2.012833539253040338e-20
9.448929641636734596e+04 1.866069781394326568e-20
9.496174289844917075e+04 1.728509069726922051e-20
9.543655161294140271e+04 1.930663909708938723e-20
9.591373437100611045e+04 1.983522815433278516e-20
9.639330304286110913e+04 1.904398437557865788e-20
9.687526955807540799e+04 1.738473909046843265e-20
9.735964590586577833e+04 2.072002136775258209e-20
9.784644413539508241e+04 1.709634051374898026e-20
9.833567635607205739e+04 1.941518828952427724e-20
9.882735473785242357e+04 1.908250151252307447e-20
9.932149151154166611e+04 1.832893303188605317e-20
9.981809896909935924e+04 1.634609297543110816e-20
1.003171894639448437e+05 1.742871325237224358e-20
1.008187754112645780e+05 2.058787018442907073e-20
1.013228692883208860e+05 1.671348267713861846e-20
1.018294836347624660e+05 1.664299419369842695e-20
1.023386310529362672e+05 1.767257222540800726e-20
1.028503242082009383e+05 2.027108370661629395e-20
1.033645758292419341e+05 1.608464793245074599e-20
1.038813987083881220e+05 1.946406087196435076e-20
1.044008057019300468e+05 2.008812127793815744e-20
1.049228097304396797e+05 1.978594277576294009e-20
1.054474237790918414e+05 1.934366757814075100e-20
1.059746608979872835e+05 1.804780197471312042e-20
1.065045342024772108e+05 1.905129067436031209e-20
1.070370568734895787e+05 1.749590315944972548e-20
1.075722421578570211e+05 1.714423606405027678e-20
1.081101033686463052e+05 1.769366239684044236e-20
1.086506538854895189e+05 1.642425864642466749e-20
1.091939071549169603e+05 2.123178463582088732e-20
1.097398766906915262e+05 1.516173440428993222e-20
1.102885760741449776e+05 1.908808406499362950e-20
1.108400189545156900e+05 1.420339255363883284e-20
1.113942190492882510e+05 2.004574731029248805e-20
1.119511901445347030e+05 1.793595636260864575e-20
1.125109460952573718e+05 1.748315704739631859e-20
1.130735008257336449e+05 1.710758895617493362e-20
1.136388683298622927e+05 2.025528293604624157e-20
1.142070626715115941e+05 1.898265965737190566e-20
1.147780979848691495e+05 1.989160501044983445e-20
1.153519884747934848e+05 1.617910276653916955e-20
1.159287484171674441e+05 1.793770213131570169e-20
1.165083921592532570e+05 1.599386099207128168e-20
1.170909341200495110e+05 1.302451859125282463e-20
1.176763887906497403e+05 1.580147224976084078e-20
1.182647707346029638e+05 2.170180898000855125e-20
1.188560945882759697e+05 2.189527558386484529e-20
1.194503750612173462e+05 2.120139620410689860e-20
1.200476269365234184e+05 1.446867335584355987e-20
1.206478650712060189e+05 2.136853634503940209e-20
1.212511043965620192e+05 2.956011646102368720e-20
1.218573599185448256e+05 2.977790385968936097e-20
1.224666467181375483e+05 2.187408376882649424e-20
1.230789799517282227e+05 2.715161272041891068e-20
1.236943748514868639e+05 2.373399823688388090e-20
1.243128467257442826e+05 2.564760729274657952e-20
1.249344109593729954e+05 2.403481429484214012e-20
1.255590830141698243e+05 2.479491025761884392e-20
1.261868784292406635e+05 1.973926037767494147e-20
1.268178128213868476e+05 2.539930931605613600e-20
1.274519018854937895e+05 2.601184448087420427e-20
1.280891613949212478e+05 2.369708180073056643e-20
1.287296072018958512e+05 8.015399774962899039e-21
1.293732552379053086e+05 2.670583934778371772e-20
1.300201215140948188e+05 2.593833885197990140e-20
1.306702221216652979e+05 2.729303770109249729e-20
1.313235732322736003e+05 2.992092666762679620e-20
1.319801910984349670e+05 2.676215521606450335e-20
1.326400920539271319e+05 2.869567305520039302e-20
1.333032925141967717e+05 3.185881934926627768e-20
1.339698089767677302e+05 3.215897424869098597e-20
1.346396580216515576e+05 3.354302762116304148e-20
1.353128563117597951e+05 3.369362313902133876e-20
1.359894205933185876e+05 3.358081666145412471e-20
1.366693676962851605e+05 3.111739465323454237e-20
1.373527145347665937e+05 3.592369658095299470e-20
1.380394781074404018e+05 3.750734771683376066e-20
1.387296754979776160e+05 2.454706400861325812e-20
1.394233238754674676e+05 3.884172884704134635e-20
1.401204404948447773e+05 3.459434491188322404e-20
1.408210426973190042e+05 2.988126322710031863e-20
1.415251479108055646e+05 3.486629468404356611e-20
1.422327736503595952e+05 2.962180561431262256e-20
1.429439375186113757e+05 3.913866059157927685e-20
1.436586572062044288e+05 3.634503755509377691e-20
1.443769504922354245e+05 3.001795981059628741e-20
1.450988352446965873e+05 2.970972315463814371e-20
1.458243294209200540e+05 3.723248303135378448e-20
1.465534510680246458e+05 3.273639499669124855e-20
1.472862183233647665e+05 4.015431112220422640e-20
1.480226494149815408e+05 3.604480415467335465e-20
1.487627626620564552e+05 3.052852212306765809e-20
1.495065764753667172e+05 4.042776390533094543e-20
1.502541093577435531e+05 3.624582816966990087e-20
1.510053799045322230e+05 3.751603662008652426e-20
1.517604068040548591e+05 4.301864947706637731e-20
1.525192088380751375e+05 4.118243613898774995e-20
1.532818048822655110e+05 3.886135346475963653e-20
1.540482139066768286e+05 3.984637285156622470e-20
1.548184549762101960e+05 3.512272446292828498e-20
1.555925472510912223e+05 3.522634430224365175e-20
1.563705099873466534e+05 3.922693262691691498e-20
1.571523625372833631e+05 4.287062373176881439e-20
1.579381243499697594e+05 4.246024161505043413e-20
1.587278149717195774e+05 4.647204891926796287e-20
1.595214540465781756e+05 4.187314511620945491e-20
1.603190613168110431e+05 3.688078889408907717e-20
1.611206566233950725e+05 4.331092614426553557e-20
1.619262599065120157e+05 3.888991962489278507e-20
1.627358912060445291e+05 4.256144424194555942e-20
1.635495706620747515e+05 4.377874009052830098e-20
1.643673185153850936e+05 4.033983213750020473e-20
1.651891551079619967e+05 4.432592376673858938e-20
1.660151008835018147e+05 4.210757053554179132e-20
1.668451763879193168e+05 3.973688018428824319e-20
1.676794022698588669e+05 4.245101338551204210e-20
1.685177992812081357e+05 4.326841230546378342e-20
1.693603882776141982e+05 4.152190060225910992e-20
1.702071902190022229e+05 4.227366319009606682e-20
1.710582261700972158e+05 5.122377230278509147e-20
1.719135173009476857e+05 5.728605599487156856e-20
1.727730848874524236e+05 6.281821402061549773e-20
1.736369503118896682e+05 7.609346262252189276e-20
1.745051350634490955e+05 4.217899103751463227e-20
1.753776607387663098e+05 8.049276797629573605e-20
1.762545490424601303e+05 4.007014627344411457e-20
1.771358217876724375e+05 8.321816335382567884e-20
1.780215008966107853e+05 8.025935117591313845e-20
1.789116084010938066e+05 6.509936476982159504e-20
1.798061664430992387e+05 9.073259632318487917e-20
1.807051972753147129e+05 5.525468320497253603e-20
1.816087232616912806e+05 8.706426622089089200e-20
1.825167668779997039e+05 5.347534521232090115e-20
1.834293507123896852e+05 9.559353236086654577e-20
1.843464974659516010e+05 9.918709709201121144e-20
1.852682299532813486e+05 9.724574623620892231e-20
1.861945711030477541e+05 9.871604877346223994e-20
1.871255439585629501e+05 9.759442651648255236e-20
1.880611716783557495e+05 7.611327338152621107e-20
1.890014775367475231e+05 8.982513429355581569e-20
1.899464849244312500e+05 9.806717558883685509e-20
1.908962173490533605e+05 9.745567165243684806e-20
1.918506984357986366e+05 9.622347706921348245e-20
1.928099519279776141e+05 9.480737387554103943e-20
1.937740016876174195e+05 1.006723444474067422e-19
1.947428716960554884e+05 9.836161589178227803e-20
1.957165860545357573e+05 9.424070362302770478e-20
1.966951689848084061e+05 9.582999194655801259e-20
1.976786448297324241e+05 8.597122528251096356e-20
1.986670380538810859e+05 7.730791753477371234e-20
1.996603732441504835e+05 7.676094023055892048e-20
2.006586751103712304e+05 9.418100537252066073e-20
2.016619684859230765e+05 9.480577715889648312e-20
2.026702783283526951e+05 1.006413364381025165e-19
2.036836297199944383e+05 9.386730589116088370e-20
2.047020478685943817e+05 9.587116287634489259e-20
2.057255581079373660e+05 9.732628970131884287e-20
2.067541858984770079e+05 9.779306756076148171e-20
2.077879568279693485e+05 9.782258194481731383e-20
2.088268966121091507e+05 9.787641542009796743e-20
2.098710310951696301e+05 9.938672553874653352e-20
2.109203862506455043e+05 9.678381812667524875e-20
2.119749881818986614e+05 9.903632783957933288e-20
2.130348631228081358e+05 9.693413159167144797e-20
2.141000374384221795e+05 9.886400317796745369e-20
2.151705376256142335e+05 9.768914875525396419e-20
2.162463903137423040e+05 9.451463722571403788e-20
2.173276222653109580e+05 9.593299408977191020e-20
2.184142603766375105e+05 9.593814096998533825e-20
2.195063316785206844e+05 9.669524301085434251e-20
2.206038633369132876e+05 9.703580551576314943e-20
2.217068826535978296e+05 9.460909145123668148e-20
2.228154170668657753e+05 8.294118059992938294e-20
2.239294941522000881e+05 8.543360843938542888e-20
2.250491416229610622e+05 9.376921978382294529e-20
2.261743873310758499e+05 9.024745285408263897e-20
2.273052592677311914e+05 9.648771749193055101e-20
2.284417855640698399e+05 9.599600064364537805e-20
2.295839944918901601e+05 9.281405113923300572e-20
2.307319144643495674e+05 9.199304436943136702e-20
2.318855740366713144e+05 9.032189694459012460e-20
2.330450019068546826e+05 9.172539481459848855e-20
2.342102269163888996e+05 8.843562081521190764e-20
2.353812780509708391e+05 8.880143794090745871e-20
2.365581844412256323e+05 8.915108969567534771e-20
2.377409753634317894e+05 9.071501727657310064e-20
2.389296802402488829e+05 8.981084247848200653e-20
2.401243286414501199e+05 8.681542212254443314e-20
2.413249502846573014e+05 8.901946220603351280e-20
2.425315750360805832e+05 8.905254292063141022e-20
2.437442329112609441e+05 9.058673086162400685e-20
2.449629540758172225e+05 8.972870842534444853e-20
2.461877688461962680e+05 9.159461251722636399e-20
2.474187076904272544e+05 9.023055966532934292e-20
2.486558012288793689e+05 8.806602126019093816e-20
2.498990802350237209e+05 9.044740898124802512e-20
2.511485756361988024e+05 8.887860093206334807e-20
2.524043185143797891e+05 8.798817025213428833e-20
2.536663401069516549e+05 8.840385715774450665e-20
2.549346718074863893e+05 8.880859982257751376e-20
2.562093451665237371e+05 8.735545548114903524e-20
2.574903918923563324e+05 8.843614775149071991e-20
2.587778438518181210e+05 8.657364070406373230e-20
2.600717330710771785e+05 8.439229146905491625e-20
2.613720917364325142e+05 8.630649842671181737e-20
2.626789521951146889e+05 8.660658515619902860e-20
2.639923469560901867e+05 8.511903979853622822e-20
2.653123086908706464e+05 8.584471022553102061e-20
2.666388702343249461e+05 8.461835772783651903e-20
2.679720645854964969e+05 8.559326770091476261e-20
2.693119249084239709e+05 8.468114428698255766e-20
2.706584845329660457e+05 8.144664637498837095e-20
2.720117769556308049e+05 8.358910051574443119e-20
2.733718358404089813e+05 8.300148466366192747e-20
2.747386950196109829e+05 8.365044570542434700e-20
2.761123884947089828e+05 8.262594346054678864e-20
2.774929504371825024e+05 8.275073928197032236e-20
2.788804151893684175e+05 8.345912469602325543e-20
2.802748172653152142e+05 7.867812295091557746e-20
2.816761913516417844e+05 8.226905833024619548e-20
2.830845723083999474e+05 7.826518543452215333e-20
2.844999951699419180e+05 8.108225475281305314e-20
2.859224951457916177e+05 8.059528527287165458e-20
2.873521076215205248e+05 7.779641531291014885e-20
2.887888681596280658e+05 8.076429054817344739e-20
2.902328125004261965e+05 7.766432761749602219e-20
2.916839765629282920e+05 7.889905733365768718e-20
2.931423964457428665e+05 7.830996002998791894e-20
2.946081084279715433e+05 7.795557385146897745e-20
2.960811489701113896e+05 7.865946934588064101e-20
2.975615547149619088e+05 7.722940623623682647e-20
2.990493624885366880e+05 7.642196056371598622e-20
3.005446093009793549e+05 7.257171182296564215e-20
3.020473323474842473e+05 7.147775457292420318e-20
3.035575690092215664e+05 7.345444755329280751e-20
3.050753568542677094e+05 7.403826157009431425e-20
3.066007336385390372e+05 7.408556085735971227e-20
3.081337373067316948e+05 7.401500608883684464e-20
3.096744059932653327e+05 7.326879156167897180e-20
3.112227780232315999e+05 7.395688631483536729e-20
3.127788919133477029e+05 7.303963216157236695e-20
3.143427863729144447e+05 7.249043556330314160e-20
3.159145003047789796e+05 7.278715899330502106e-20
3.174940728063028073e+05 7.165019952844240020e-20
3.190815431703343056e+05 7.186449175833796949e-20
3.206769508861859795e+05 7.180339525541756840e-20
3.222803356406168896e+05 6.972458364954833468e-20
3.238917373188199708e+05 7.065924373209609238e-20
3.255111960054140072e+05 6.918661685836652442e-20
3.271387519854410784e+05 6.961949427628287793e-20
3.287744457453681971e+05 7.065040798813562555e-20
3.304183179740950000e+05 6.978372849871413958e-20
3.320704095639654552e+05 7.086634088154096407e-20
3.337307616117852158e+05 7.101157409309534768e-20
3.353994154198440956e+05 7.015016573906127927e-20
3.370764124969433178e+05 7.022276603521176689e-20
3.387617945594279445e+05 7.086525890640683764e-20
3.404556035322250682e+05 6.926608056814727703e-20
3.421578815498861368e+05 6.998283327367784135e-20
3.438686709576355643e+05 7.012489909968948977e-20
3.455880143124237075e+05 6.943925149978963940e-20
3.473159543839858379e+05 6.910745274135407252e-20
3.490525341559056542e+05 6.886435497780177486e-20
3.507977968266851385e+05 6.796870007205722180e-20
3.525517858108185465e+05 6.761227400231351051e-20
3.543145447398725664e+05 6.593177296932600405e-20
3.560861174635719508e+05 6.676832105261392196e-20
3.578665480508897454e+05 6.622375370644660892e-20
3.596558807911441545e+05 6.517664357009472248e-20
3.614541601950998302e+05 6.582961284926647664e-20
3.632614309960752726e+05 6.426648230832012979e-20
3.650777381510556443e+05 6.370126006455373659e-20
3.669031268418108812e+05 6.424357873562494395e-20
3.687376424760199152e+05 6.381955442963668451e-20
3.705813306883999030e+05 6.356421913057876234e-20
3.724342373418419156e+05 6.392017563838814540e-20
3.742964085285510519e+05 6.272059870386789929e-20
3.761678905711937696e+05 6.245769204554858787e-20
3.780487300240496406e+05 5.866627170655874738e-20
3.799389736741699162e+05 6.119265038923239757e-20
3.818386685425406904e+05 6.207997577202212449e-20
3.837478618852533400e+05 6.261777909722682245e-20
3.856666011946795043e+05 6.167920471580339623e-20
3.875949342006528750e+05 6.044918871313142353e-20
3.895329088716561091e+05 6.247309893436468664e-20
3.914805734160143184e+05 6.239622327912095918e-20
3.934379762830943218e+05 6.172066343313408140e-20
3.954051661645097774e+05 5.943033909252278689e-20
3.973821919953323086e+05 5.841908289883812638e-20
3.993691029553089174e+05 5.919884861975559886e-20
4.013659484700853936e+05 5.816959895355436481e-20
4.033727782124357764e+05 5.996626242662683070e-20
4.053896421034978703e+05 5.949784598201737113e-20
4.074165903140153387e+05 5.487028698313927461e-20
4.094536732655853848e+05 5.902087092721863835e-20
4.115009416319133015e+05 5.899625544134455479e-20
4.135584463400727836e+05 5.447957125166774702e-20
4.156262385717731668e+05 5.756595420437643190e-20
4.177043697646319051e+05 5.731799828797406674e-20
4.197928916134550818e+05 5.754366736942151004e-20
4.218918560715222848e+05 5.670381282555190034e-20
4.240013153518798063e+05 5.087233643474697329e-20
4.261213219286391977e+05 5.522566942633553507e-20
4.282519285382824019e+05 5.533486998192315851e-20
4.303931881809737533e+05 5.486165448983162635e-20
4.325451541218785569e+05 5.443411496333244105e-20
4.347078798924880102e+05 5.394916276659138962e-20
4.368814192919503548e+05 5.319794146739183246e-20
4.390658263884100597e+05 5.056742105588437036e-20
4.412611555203520693e+05 5.321057806299577724e-20
4.434674612979537924e+05 5.252308211654210244e-20
4.456847986044434947e+05 5.245664318269399986e-20
4.479132225974657340e+05 5.148949628290231510e-20
4.501527887104529655e+05 5.169961811687384234e-20
4.524035526540051796e+05 5.148413615958385252e-20
4.546655704172751866e+05 5.103738399910318108e-20
4.569388982693614671e+05 5.084727135667550067e-20
4.592235927607081831e+05 5.001581760687001395e-20
4.615197107245116495e+05 4.836568755529621849e-20
4.638273092781342566e+05 4.828824763964448097e-20
4.661464458245249116e+05 4.848364476632547123e-20
4.684771780536474544e+05 4.797436612819850107e-20
4.708195639439156512e+05 4.813860342336512261e-20
4.731736617636351730e+05 4.815228748115813889e-20
4.755395300724533154e+05 4.770824524945164207e-20
4.779172277228155872e+05 4.660223702328768696e-20
4.803068138614296331e+05 4.650115544655695653e-20
4.827083479307367234e+05 4.623632081213558393e-20
4.851218896703904029e+05 4.586918747183605825e-20
4.875474991187423002e+05 4.572184809899422837e-20
4.899852366143359686e+05 4.476739530154421164e-20
4.924351627974075382e+05 4.483768183729448447e-20
4.948973386113945162e+05 4.472262596204425337e-20
4.973718253044515150e+05 4.373256808393974666e-20
4.998586844309736625e+05 4.246365135511913291e-20
5.023579778531284537e+05 4.099184205164744556e-20
5.048697677423940040e+05 4.064303009180188126e-20
5.073941165811059764e+05 4.102657532970121790e-20
5.099310871640114347e+05 4.108729175422779485e-20
5.124807425998314284e+05 4.124863602919458738e-20
5.150431463128305622e+05 4.119703427262877192e-20
5.176183620443946566e+05 4.070483319318226240e-20
5.202064538546165568e+05 4.001872168590556817e-20
5.228074861238896265e+05 3.946848985222916542e-20
5.254215235545090400e+05 3.876288770150892448e-20
5.280486311722815735e+05 3.970066838520351448e-20
5.306888743281429633e+05 3.940656651251778101e-20
5.333423186997835292e+05 3.919574589312082379e-20
5.360090302932823543e+05 3.839307535632491230e-20
5.386890754447487416e+05 3.756547059655312921e-20
5.413825208219724009e+05 3.750064192707519293e-20
5.440894334260822507e+05 3.708548099909575656e-20
5.468098805932126706e+05 3.691175217307786827e-20
5.495439299961786019e+05 3.547444823574371265e-20
5.522916496461593779e+05 3.637266823996913739e-20
5.550531078943902394e+05 3.469225303817372875e-20
5.578283734338621143e+05 3.550865751764422257e-20
5.606175153010312933e+05 3.577554763511948814e-20
5.634206028775364393e+05 3.521166978872917996e-20
5.662377058919240953e+05 3.440609216994996568e-20
5.690688944213836221e+05 3.463323915476754976e-20
5.719142388934904011e+05 3.372377911107903688e-20
5.747738100879577687e+05 3.363213922257519718e-20
5.776476791383975651e+05 3.320947780501705258e-20
5.805359175340894144e+05 3.351413240762787990e-20
5.834385971217597835e+05 3.329929259797795989e-20
5.863557901073684916e+05 3.255589192749027805e-20
5.892875690579053480e+05 3.144661996175228678e-20
5.922340069031948224e+05 3.251591948580072651e-20
5.951951769377107266e+05 3.230588293744819578e-20
5.981711528223992791e+05 3.273782026990743693e-20
6.011620085865111323e+05 3.183360036881052131e-20
6.041678186294435291e+05 3.171534116401685123e-20
6.071886577225908404e+05 3.158330824328138533e-20
6.102246010112037184e+05 3.084766921700440923e-20
6.132757240162596572e+05 3.047737986684533286e-20
6.163421026363408891e+05 3.118480036170179759e-20
6.194238131495225243e+05 3.122006116889787477e-20
6.225209322152701207e+05 3.060834653799106523e-20
6.256335368763463339e+05 2.982281135080584727e-20
6.287617045607279288e+05 3.026826241452422644e-20
6.319055130835315213e+05 2.992947580193760768e-20
6.350650406489490997e+05 2.995418840278739244e-20
6.382403658521939069e+05 2.971525502125762305e-20
6.414315676814547041e+05 2.873130783328451071e-20
6.446387255198619096e+05 2.884500622665824064e-20
6.478619191474611871e+05 2.735305836258133152e-20
6.511012287431984441e+05 2.732938229895311078e-20
6.543567348869143752e+05 2.795519087942958269e-20
6.576285185613489011e+05 2.743682407006430322e-20
6.609166611541556194e+05 2.800340548106715022e-20
6.642212444599262672e+05 2.675990025396909996e-20
6.675423506822257768e+05 2.612642306246936654e-20
6.708800624356367625e+05 2.693496611533807604e-20
6.742344627478149487e+05 2.569896234175109782e-20
6.776056350615539122e+05 2.568854865094603610e-20
6.809936632368615828e+05 2.625929634397832066e-20
6.843986315530458232e+05 2.599344211712013084e-20
6.878206247108110692e+05 2.610539107505399792e-20
6.912597278343650978e+05 2.548451571734640083e-20
6.947160264735367382e+05 2.473706802151113486e-20
6.981896066059044097e+05 2.618249758010777230e-20
7.016805546389338560e+05 2.575321752395044824e-20
7.051889574121283367e+05 2.468587999063702007e-20
7.087149021991889458e+05 2.531223742408477867e-20
7.122584767101849429e+05 2.478371521923711555e-20
7.158197690937356092e+05 2.436143539044975552e-20
7.193988679392043268e+05 2.483464830994250188e-20
7.229958622789003421e+05 2.416295278753910598e-20
7.266108415902947308e+05 2.378182469172651778e-20
7.302438957982462598e+05 2.453190605621391050e-20
7.338951152772373753e+05 2.454566729997920945e-20
7.375645908536233474e+05 2.427396036587787877e-20
7.412524138078914257e+05 2.374254066864031326e-20
7.449586758769308217e+05 2.324400970369146629e-20
7.486834692563153803e+05 2.388369859383730018e-20
7.524268866025969619e+05 2.360479842035607070e-20
7.561890210356097668e+05 2.337601566588384881e-20
7.599699661407876993e+05 2.254273408151826519e-20
7.637698159714915091e+05 2.248370788122437701e-20
7.675886650513489731e+05 2.362771999456816401e-20
7.714266083766055526e+05 2.212264387336239158e-20
7.752837414184885565e+05 2.246306289297262159e-20
7.791601601255808491e+05 2.265396213954401520e-20
7.830559609262087615e+05 2.219123111351168801e-20
7.869712407308397815e+05 2.254228617012257989e-20
7.909060969344938640e+05 2.177513643968086737e-20
7.948606274191662669e+05 2.141816464365056847e-20
7.988349305562619120e+05 2.135558365527128656e-20
8.028291052090432495e+05 2.088058711768834190e-20
8.068432507350883679e+05 2.152733649825261458e-20
8.108774669887636555e+05 2.047032646645588881e-20
8.149318543237072881e+05 1.973523416269954008e-20
8.190065135953258723e+05 2.047447522007567664e-20
8.231015461633022642e+05 1.800062762748135895e-20
8.272170538941186387e+05 1.941946340365265850e-20
8.313531391635891050e+05 1.906783058338661993e-20
8.355099048594069900e+05 1.864077324070367116e-20
8.396874543837037636e+05 1.701531501447614422e-20
8.438858916556222830e+05 1.643482083313112305e-20
8.481053211139001651e+05 1.825484536726975730e-20
8.523458477194695733e+05 1.793766067987821563e-20
8.566075769580667838e+05 1.697835164056927217e-20
8.608906148428570013e+05 1.643037593612041035e-20
8.651950679170711664e+05 1.655887017922247715e-20
8.695210432566564996e+05 1.582823913777074178e-20
8.738686484729398508e+05 1.718361482503030187e-20
8.782379917153043207e+05 1.649231012473748870e-20
8.826291816738808993e+05 1.628464128210655281e-20
8.870423275822503492e+05 1.686314624810341949e-20
8.914775392201613868e+05 1.511114343176627999e-20
8.959349269162621349e+05 1.519002384990229548e-20
9.004146015508433338e+05 1.588400484307740184e-20
9.049166745585973840e+05 1.581989543061600126e-20
9.094412579313903116e+05 1.405212793702547751e-20
9.139884642210473539e+05 1.484949368179625551e-20
9.185584065421523992e+05 1.407552876254452800e-20
9.231511985748629086e+05 1.508454287933300326e-20
9.277669545677371789e+05 1.488582586125075932e-20
9.324057893405755749e+05 1.396167023415901154e-20
9.370678182872785255e+05 1.324959248511969728e-20
9.417531573787146481e+05 1.340191534609374964e-20
9.464619231656081975e+05 1.275064935691693503e-20
9.511942327814361779e+05 1.260510251758042830e-20
9.559502039453431498e+05 1.306617346027556172e-20
9.607299549650697736e+05 1.324913119715027264e-20
9.655336047398949740e+05 1.265306444959141330e-20
9.703612727635942865e+05 1.265461296261644371e-20
9.752130791274121730e+05 1.246614113753874402e-20
9.800891445230492391e+05 1.240622957141082293e-20
9.849895902456643526e+05 1.186257825024696838e-20
9.899145381968924776e+05 1.202532803458854412e-20
9.948641108878769446e+05 1.158714306713814697e-20
9.998384314423161559e+05 1.119387239525376824e-20
1.004837623599527637e+06 1.079501218829527254e-20
1.009861811717525125e+06 1.021821415341604321e-20
1.014911120776112657e+06 9.894035107094339220e-21
1.019985676379993209e+06 1.040202421380294965e-20
1.025085604761893046e+06 1.052862571972280990e-20
1.030211032785702264e+06 1.048647652808266058e-20
1.035362087949630688e+06 9.865473325124716015e-21
1.040538898389378795e+06 9.673245028502975845e-21
1.045741592881325516e+06 9.559111491533323942e-21
1.050970300845732214e+06 9.262894495208872788e-21
1.056225152349960757e+06 9.442313057438130924e-21
1.061506278111710446e+06 1.024808927230126541e-20
1.066813809502268909e+06 8.777221557961489879e-21
1.072147878549780231e+06 1.002666921147082084e-20
1.077508617942528799e+06 9.033752102329434149e-21
1.082896161032241303e+06 8.560635714765308675e-21
1.088310641837402247e+06 9.225739423703888126e-21
1.093752195046589244e+06 8.329591403203829974e-21
1.099220956021822290e+06 8.860449783702455292e-21
1.104717060801931191e+06 8.409479673905756041e-21
1.110240646105940687e+06 7.272207727722274404e-21
1.115791849336470244e+06 7.287318312152659850e-21
1.121370808583152480e+06 7.287057200009929927e-21
1.126977662626068108e+06 6.863196118296682751e-21
1.132612550939198351e+06 6.733409030564826746e-21
1.138275613693894353e+06 6.180888113033880852e-21
1.143966991762363585e+06 5.953329528160148445e-21
1.149686826721175341e+06 5.867335837269992925e-21
1.155435260854781140e+06 5.577805036205992104e-21
1.161212437159054680e+06 5.722543513418485264e-21
1.167018499344849959e+06 5.486684608919149465e-21
1.172853591841574060e+06 5.738299394376659756e-21
1.178717859800781822e+06 5.639531407826047391e-21
1.184611449099785648e+06 5.850883822937569425e-21
1.190534506345284404e+06 5.726333178813180349e-21
1.196487178877010709e+06 6.025878998284041502e-21
1.202469614771395456e+06 5.883247219868272390e-21
1.208481962845252361e+06 6.295607278686306872e-21
1.214524372659478569e+06 5.875712240304241559e-21
1.220596994522775756e+06 6.290759328120454724e-21
1.226699979495389387e+06 6.138922958706457222e-21
1.232833479392866138e+06 5.525399610433426917e-21
1.238997646789830411e+06 5.933472938907225550e-21
1.245192635023779469e+06 5.655077374526624386e-21
1.251418598198898137e+06 6.226523623045396945e-21
1.257675691189892590e+06 6.218686831666698381e-21
1.263964069645842072e+06 6.111178564690302767e-21
1.270283889994071098e+06 5.756658311530544101e-21
1.276635309444041224e+06 5.985250614348245644e-21
1.283018485991261434e+06 6.051650932366505812e-21
1.289433578421217622e+06 5.686396949582145067e-21
1.295880746313323500e+06 5.747396578960006930e-21
1.302360150044890121e+06 5.294532095619324297e-21
1.308871950795114506e+06 4.846524827471313328e-21
1.315416310549089685e+06 5.407432925544624920e-21
1.321993392101834994e+06 5.143799237164333371e-21
1.328603359062344301e+06 4.758200451638533944e-21
1.335246375857655657e+06 4.936323975250225570e-21
1.341922607736943755e+06 4.364676418941017864e-21
1.348632220775628230e+06 4.209777712492674857e-21
1.355375381879506400e+06 3.895327552784604551e-21
1.362152258788903710e+06 3.741576298195651058e-21
1.368963020082848147e+06 3.614086639247522793e-21
1.375807835183262359e+06 3.503193597317881301e-21
1.382686874359178357e+06 3.458151722612095468e-21
1.389600308730974328e+06 3.346014057587072529e-21
1.396548310274628922e+06 3.284732691758794301e-21
1.403531051826002076e+06 3.281070260158967967e-21
1.410548707085131900e+06 3.266116756700562205e-21
1.417601450620557182e+06 3.219500199069172998e-21
1.424689457873659907e+06 3.192673648450799275e-21
1.431812905163028045e+06 3.151961106710692394e-21
1.438971969688843237e+06 3.072857057452966690e-21
1.446166829537287122e+06 3.052678651325554629e-21
1.453397663684973726e+06 3.001075115232732896e-21
1.460664652003398165e+06 2.992616857626589505e-21
1.467967975263414904e+06 3.035073264579945760e-21
1.475307815139731625e+06 3.030573859365272000e-21
1.482684354215430561e+06 3.099332286167118300e-21
1.490097775986507535e+06 3.268029074039130591e-21
1.497548264866439858e+06 3.846098188938172704e-21
1.505036006190771703e+06 4.687795806688498659e-21
1.512561186221725307e+06 5.208532568060149164e-21
1.520123992152833845e+06 5.662152370478135115e-21
1.527724612113598036e+06 4.717410424383348681e-21
1.535363235174165806e+06 3.547143519052426178e-21
1.543040051350036170e+06 3.344109051839488021e-21
1.550755251606786158e+06 3.074562513282298934e-21
1.558509027864819858e+06 3.035648288413820967e-21
1.566301573004143778e+06 3.071389214722901133e-21
1.574133080869163852e+06 3.097612525049744202e-21
1.582003746273509692e+06 3.085410058324593646e-21
1.589913765004877001e+06 2.896371335763247421e-21
1.597863333829901647e+06 2.893906937250344333e-21
1.605852650499050971e+06 2.740248126876765223e-21
1.613881913751545828e+06 2.769507857000335238e-21
1.621951323320303578e+06 2.691605483305342311e-21
1.630061079936905066e+06 2.526176875432593994e-21
1.638211385336589301e+06 2.605514174597378659e-21
1.646402442263271892e+06 2.542862383843588061e-21
1.654634454474587925e+06 2.542395909978171273e-21
1.662907626746960683e+06 2.435721585535936192e-21
1.671222164880695753e+06 2.317646606847514817e-21
1.679578275705098640e+06 2.237111000813535052e-21
1.687976167083623819e+06 2.194146474470266182e-21
1.696416047919041943e+06 2.100995218260013027e-21
1.704898128158636857e+06 2.023159655726428913e-21
1.713422618799429853e+06 1.950656890460747815e-21
1.721989731893426739e+06 1.839378273894186073e-21
1.730599680552893784e+06 1.785325346832444119e-21
1.739252678955658339e+06 1.744984620895226385e-21
1.747948942350436468e+06 1.705224999680646081e-21
1.756688687062188517e+06 1.652734652136238176e-21
1.765472130497499369e+06 1.630495257864870572e-21
1.774299491149986628e+06 1.606380554486088675e-21
1.783170988605736289e+06 1.583375147949318667e-21
1.792086843548764940e+06 1.557674018382640172e-21
1.801047277766508516e+06 1.554348126039720510e-21
1.810052514155340847e+06 1.550593065778487565e-21
1.819102776726117590e+06 1.543644311102497189e-21
1.828198290609747870e+06 1.533055247791308068e-21
1.837339282062796410e+06 1.512138753192860861e-21
1.846525978473110357e+06 1.483595318924024005e-21
1.855758608365475666e+06 1.506276692985288062e-21
1.865037401407302823e+06 1.522078953333166572e-21
1.874362588414339116e+06 1.515516388567697621e-21
1.883734401356410468e+06 1.538347375618111118e-21
1.893153073363192379e+06 1.524181705454867497e-21
1.902618838730007876e+06 1.435642608501950283e-21
1.912131932923657820e+06 1.416402037863887721e-21
1.921692592588276137e+06 1.470311863565504713e-21
1.931301055551217403e+06 1.441966504165435970e-21
1.940957560828973074e+06 1.454253958463783698e-21
1.950662348633117741e+06 1.459667623183241949e-21
1.960415660376283340e+06 1.446821063163038619e-21
1.970217738678164314e+06 1.381325799403543975e-21
1.980068827371554915e+06 1.319951049064937103e-21
1.989969171508412343e+06 1.284007411568531140e-21
1.999919017365954351e+06 1.184223772265074784e-21
2.009918612452783855e+06 1.147117154821222402e-21
2.019968205515047535e+06 1.117923696579278294e-21
2.030068046542622615e+06 1.147984662221064165e-21
2.040218386775335763e+06 1.141352389434790224e-21
2.050419478709212271e+06 1.091895554173551956e-21
2.060671576102757826e+06 1.099397486041069623e-21
2.070974933983271476e+06 1.088388361534772444e-21
2.081329808653187705e+06 1.017118713348636723e-21
2.091736457696453203e+06 9.419147875454461688e-22
2.102195139984935056e+06 9.136661236806056413e-22
2.112706115684859455e+06 9.060597295006936237e-22
2.123269646263283677e+06 9.012925841868925538e-22
2.133885994494599756e+06 9.043423161125376475e-22
2.144555424467072356e+06 8.795838180501436096e-22
2.155278201589407865e+06 8.445647867951063528e-22
2.166054592597354669e+06 8.485030214272650120e-22
2.176884865560341161e+06 8.660191281183762159e-22
2.187769289888142608e+06 8.487212707361978582e-22
2.198708136337582953e+06 8.233208066599445044e-22
2.209701677019270603e+06 7.992022154646557609e-22
2.220750185404366814e+06 7.938858670169074393e-22
2.231853936331388075e+06 7.800576814779565668e-22
2.243013206013045274e+06 7.708753920804234707e-22
2.254228272043109871e+06 7.567964491562430037e-22
2.265499413403325714e+06 7.468212217422326362e-22
2.276826910470341798e+06 7.158081369840712175e-22
2.288211045022693463e+06 6.976933673503144218e-22
2.299652100247806869e+06 7.078534127299008780e-22
2.311150360749045387e+06 6.950371825445718837e-22
2.322706112552790437e+06 6.769044384295829263e-22
2.334319643115554471e+06 6.803388300007604251e-22
2.345991241331131663e+06 6.881431971989863422e-22
2.357721197537787259e+06 6.927587642570892436e-22
2.369509803525475319e+06 7.026333711934672006e-22
2.381357352543102577e+06 7.132585877495120865e-22
2.393264139305817895e+06 7.187465018703207587e-22
2.405230460002346896e+06 7.354264562757900695e-22
2.417256612302358262e+06 7.361976179869968839e-22
2.429342895363869611e+06 7.266431366747735915e-22
2.441489609840688761e+06 6.992384601167137499e-22
2.453697057889891788e+06 6.669495607278603686e-22
2.465965543179341592e+06 6.496583629235364652e-22
2.478295370895238128e+06 6.334164064035825234e-22
2.490686847749713808e+06 6.353718817236269349e-22
2.503140281988461968e+06 6.343128070453858139e-22
2.515655983398403972e+06 6.349031209654472878e-22
2.528234263315395918e+06 6.405061542784231330e-22
2.540875434631972574e+06 6.581462697028373949e-22
2.553579811805132311e+06 6.703266966911524352e-22
2.566347710864157882e+06 6.899600641322125246e-22
2.579179449418478180e+06 7.221663490103038492e-22
2.592075346665570047e+06 7.636487001901050007e-22
2.605035723398897797e+06 7.847496970256175891e-22
2.618060902015891857e+06 8.041504293527921550e-22
2.631151206525971182e+06 7.819598970617354586e-22
2.644306962558601052e+06 7.485520449522614578e-22
2.657528497371393722e+06 7.267436993462628921e-22
2.670816139858250506e+06 7.024444573445687890e-22
2.684170220557541586e+06 6.905583097798988363e-22
2.697591071660328656e+06 6.841966374098972382e-22
2.711079027018629946e+06 6.851086957458833539e-22
2.724634422153722961e+06 6.905018248307790549e-22
2.738257594264491461e+06 7.139608949851782281e-22
2.751948882235813886e+06 7.567895489215032073e-22
2.765708626646992750e+06 8.090285792160895442e-22
2.779537169780227356e+06 9.254483292814867451e-22
2.793434855629128404e+06 1.042478982235406650e-21
2.807402029907273129e+06 1.276622100582739795e-21
2.821439040056809317e+06 1.537246330606950318e-21
2.835546235257093329e+06 1.917096575006522465e-21
2.849723966433378402e+06 2.155078512198610945e-21
2.863972586265545338e+06 2.127250640323979339e-21
2.878292449196872767e+06 1.928816659441292980e-21
2.892683911442856770e+06 1.542835606734258439e-21
2.907147331000070553e+06 1.268404751736692453e-21
2.921683067655070219e+06 1.053333066367512563e-21
2.936291482993345708e+06 9.247564785641811294e-22
2.950972940408312250e+06 8.219837815818287310e-22
2.965727805110353511e+06 7.767094477436517020e-22
2.980556444135904312e+06 7.365659277083012474e-22
2.995459226356584113e+06 7.249255237494798247e-22
3.010436522488366347e+06 7.134363792890742657e-22
3.025488705100807827e+06 7.081374364246286138e-22
3.040616148626311682e+06 7.079478281989955098e-22
3.055819229369442910e+06 7.137435542632175416e-22
3.071098325516290031e+06 7.161083809706000926e-22
3.086453817143870983e+06 7.105824993813008484e-22
3.101886086229589768e+06 7.031475822115285811e-22
3.117395516660737805e+06 6.917092719769012712e-22
3.132982494244040921e+06 6.841745756371768191e-22
3.148647406715261284e+06 6.753870515956480873e-22
3.164390643748837058e+06 6.692803732197956842e-22
3.180212596967581194e+06 6.644910843337875986e-22
3.196113659952418413e+06 6.696840907763641988e-22
3.212094228252180852e+06 6.833761883206016005e-22
3.228154699393440504e+06 6.968500474451911741e-22
3.244295472890406847e+06 7.196534064566429917e-22
3.260516950254858937e+06 7.466845012745484516e-22
3.276819535006132908e+06 7.795460547868640308e-22
3.293203632681163959e+06 8.175226335731331843e-22
3.309669650844568852e+06 8.674633912470771916e-22
3.326217999098791741e+06 9.215443326640914042e-22
3.342849089094284922e+06 9.929775485577214018e-22
3.359563334539756179e+06 1.068948589934051558e-21
3.376361151212454773e+06 1.166451748943973120e-21
3.393242956968517043e+06 1.279174322049881119e-21
3.410209171753358562e+06 1.425500098790101728e-21
3.427260217612124979e+06 1.597220313727979317e-21
3.444396518700185232e+06 1.804120629972921298e-21
3.461618501293686219e+06 1.995911225330803839e-21
3.478926593800154049e+06 2.171710418675151001e-21
3.496321226769154426e+06 2.230422504281378736e-21
3.513802832903000060e+06 2.238491772530904509e-21
3.531371847067514900e+06 2.184006791869796124e-21
3.549028706302851904e+06 2.120530789898042829e-21
3.566773849834364839e+06 2.084763115470885670e-21
3.584607719083536416e+06 2.043858606336720239e-21
3.602530757678953931e+06 1.968595811465262888e-21
3.620543411467348225e+06 1.866844651871600854e-21
3.638646128524684347e+06 1.707706884323667709e-21
3.656839359167307615e+06 1.541060759950828976e-21
3.675123555963144172e+06 1.365840229424830782e-21
3.693499173742960207e+06 1.217794234745074321e-21
3.711966669611674268e+06 1.088010114736561120e-21
3.730526502959732432e+06 9.972232020354613280e-22
3.749179135474530514e+06 9.149116720285757345e-22
3.767925031151902396e+06 8.671561608560552963e-22
3.786764656307661906e+06 8.240444069344284801e-22
3.805698479589200113e+06 8.044056429862746139e-22
3.824726971987145487e+06 7.887653945150764161e-22
3.843850606847080402e+06 7.883660933695144148e-22
3.863069859881315380e+06 7.970327162672100468e-22
3.882385209180722013e+06 8.224894869359853096e-22
3.901797135226625018e+06 8.629768967781354814e-22
3.921306120902757160e+06 9.156498818345340550e-22
3.940912651507270522e+06 9.353353496042004725e-22
3.960617214764807373e+06 9.406743746801967950e-22
3.980420300838630646e+06 8.674678930365656958e-22
4.000322402342823334e+06 7.824147039438211875e-22
4.020324014354537241e+06 6.925303091446544638e-22
4.040425634426309261e+06 6.079989904960367177e-22
4.060627762598440982e+06 5.496432324266984968e-22
4.080930901411432307e+06 4.964226961344255288e-22
4.101335555918489117e+06 4.593041266158863706e-22
4.121842233698081225e+06 4.348330880537442014e-22
4.142451444866571110e+06 4.069292006867860064e-22
4.163163702090903185e+06 3.875632243604259166e-22
4.183979520601357799e+06 3.715031109357329902e-22
4.204899418204363436e+06 3.590389189892887533e-22
4.225923915295384824e+06 3.487089582222763192e-22
4.247053534871862270e+06 3.418291879209738447e-22
4.268288802546219900e+06 3.348072682780707972e-22
4.289630246558951214e+06 3.270103584083299074e-22
4.311078397791746072e+06 3.200323308440032093e-22
4.332633789780704305e+06 3.138124954245471381e-22
4.354296958729607053e+06 3.092313892190750536e-22
4.376068443523254246e+06 3.052877460263752964e-22
4.397948785740870982e+06 3.003363402229324581e-22
4.419938529669574462e+06 2.961840236269365201e-22
4.442038222317921929e+06 2.911886453663810494e-22
4.464248413429510780e+06 2.876873700615048017e-22
4.486569655496657826e+06 2.855322913202524352e-22
4.509002503774140030e+06 2.823395795689887892e-22
4.531547516293010674e+06 2.805901288735606295e-22
4.554205253874475136e+06 2.782108297328848887e-22
4.576976280143846758e+06 2.752152880085671661e-22
4.599861161544566043e+06 2.727501388765374759e-22
4.622860467352288775e+06 2.716632418893037303e-22
4.645974769689048640e+06 2.709192607291492510e-22
4.669204643537493423e+06 2.705232740128318718e-22
4.692550666755180806e+06 2.705507213401943091e-22
4.716013420088956133e+06 2.708416769377707989e-22
4.739593487189400010e+06 2.715237143122856732e-22
4.763291454625345767e+06 2.723006524338733896e-22
4.787107911898472346e+06 2.743852093287496036e-22
4.811043451457964256e+06 2.768338160833564287e-22
4.835098668715253472e+06 2.820768613665856805e-22
4.859274162058829330e+06 2.864054920812255731e-22
4.883570532869122922e+06 2.941122670503366980e-22
4.907988385533467866e+06 3.029085167458238492e-22
5.030688095171804540e+06 4.137431989889016995e-22
5.156455297551099211e+06 1.267050582753211112e-21
5.285366679989876226e+06 6.871738470872424260e-22
5.417500846989622340e+06 4.971990139211181577e-22
5.552938368164362386e+06 5.265390395109229551e-22
5.691761827368470840e+06 5.405322899095612832e-22
5.834055873052682728e+06 6.113473391254698895e-22
5.979907269878998399e+06 3.681099349593950164e-22
6.129404951625973918e+06 3.178020268405547460e-22
6.282640075416621752e+06 2.961506963619648770e-22
6.439706077302036807e+06 2.619963560748967121e-22
6.600698729234587401e+06 2.479585918823542310e-22
6.765716197465451434e+06 2.271779605318751489e-22
6.934859102402087301e+06 2.254490570350976219e-22
7.108230579962139018e+06 2.333416077089854557e-22
7.285936344461190514e+06 2.665625716730710719e-22
7.468084753072720021e+06 2.917470115556302775e-22
7.654786871899538673e+06 3.237712426370008762e-22
7.846156543697026558e+06 3.356086684006565436e-22
8.042310457289451733e+06 3.020972727696282498e-22
8.243368218721687794e+06 2.568961985735334449e-22
8.449452424189729616e+06 2.245271206424513532e-22
8.660688734794471413e+06 2.218136843110398215e-22
8.877205953164333478e+06 2.044578774113807723e-22
9.099136101993441582e+06 1.960733173664426572e-22
9.326614504543276504e+06 1.895789481574600747e-22
9.559779867156857625e+06 1.843739396868698723e-22
9.798774363835779950e+06 1.797897827728350805e-22
1.004374372293167375e+07 1.758913540288417728e-22
1.029483731600496545e+07 1.724652739994341275e-22
1.055220824890508875e+07 1.695770364176987786e-22
1.081601345512771234e+07 1.673982682538201232e-22
1.108641379150590673e+07 1.657179547143534597e-22
1.136357413629355095e+07 1.645606359153435204e-22
1.164766348970089108e+07 1.638628249975463428e-22
1.193885507694341242e+07 1.636856771539921760e-22
1.223732645386699587e+07 1.640477710964679073e-22
1.254325961521366984e+07 1.648243240288582579e-22
1.285684110559401102e+07 1.660648772828479366e-22
1.317826213323386200e+07 1.676640268264185419e-22
1.350771868656470627e+07 1.695745282888650142e-22
1.384541165372882225e+07 1.716365581830963402e-22
1.419154694507204182e+07 1.737627972621808457e-22
1.454633561869884096e+07 1.758480903848352161e-22
1.490999400916631147e+07 1.778070506596094373e-22
1.528274385939546674e+07 1.816508725572805866e-22
1.566481245588035136e+07 1.809596645817523337e-22
1.605643276727735810e+07 1.824297566240370982e-22
1.645784358645929024e+07 1.830419242762252203e-22
1.686928967612076923e+07 1.836568540498043293e-22
1.729102191802379116e+07 1.840594892749519226e-22
1.772329746597438306e+07 1.843223914824114630e-22
1.816637990262373909e+07 1.844676051374306454e-22
1.862053940018933266e+07 1.847058536494150830e-22
1.908605288519406319e+07 1.850957510641363632e-22
1.956320420732390881e+07 1.857904917555529339e-22
2.005228431250700727e+07 1.867832631506842075e-22
2.055359142031968012e+07 1.882615345609338793e-22
2.106743120582767203e+07 1.902312501470934429e-22
2.159411698597336188e+07 1.927796101096961636e-22
2.213396991062269360e+07 1.959211613409522688e-22
2.268731915838826075e+07 1.997473168003617472e-22
2.325450213734796271e+07 2.042210702562606296e-22
2.383586469078166038e+07 2.100202155859033417e-22
2.443176130805119872e+07 2.153951765499334781e-22
2.504255534075247496e+07 2.219807016104356866e-22
2.566861922427128628e+07 2.292208824415848358e-22
2.631033470487806574e+07 2.371409821298085728e-22
2.696809307250001281e+07 2.456692145475727033e-22
2.764229539931250736e+07 2.547439382848872189e-22
2.833335278429531306e+07 2.641567570763247192e-22
2.904168660390269756e+07 2.740487606172985040e-22
2.976772876900026575e+07 2.842905521467947702e-22
3.051192198822526634e+07 2.946604000495567729e-22
3.127472003793089837e+07 3.052161964820024820e-22
3.205658803887916729e+07 3.157119520235080533e-22
3.285800273985114321e+07 3.261726048811035199e-22
3.367945280834741890e+07 3.365329185243869472e-22
3.452143912855610251e+07 3.464854990745308761e-22
3.538447510677000135e+07 3.559085525186993337e-22
3.626908698443924636e+07 3.649124129998077511e-22
3.717581415905022621e+07 3.732016254888524563e-22
3.810520951302647591e+07 3.808468207941654022e-22
3.905783975085213035e+07 3.877794853742155436e-22
4.003428574462343752e+07 3.938348807672710435e-22
4.103514288823901862e+07 3.990115846003842244e-22
4.206102146044499427e+07 4.032002223956932953e-22
4.311254699695611000e+07 4.064130712123354011e-22
4.419036067188001424e+07 4.085005288120236200e-22
4.529511968867700547e+07 4.095300603011087313e-22
4.642749768089392781e+07 4.095481645364924923e-22
4.758818512291626632e+07 4.084229970719033282e-22
4.877788975098916888e+07 4.063276890697690352e-22
4.999733699476390332e+07 4.033857964518557992e-22
5.124727041963300109e+07 3.995785194656135553e-22
5.252845218012382090e+07 3.951578255672077445e-22
5.384166348462691903e+07 3.902492666191378487e-22
5.518770507174259424e+07 3.846642773663224366e-22
5.656739769853615016e+07 3.787957502634379349e-22
5.798158264099955559e+07 3.727907766381787852e-22
5.943112220702453703e+07 3.667526558886056782e-22
6.091690026220013201e+07 3.605352357150106861e-22
6.243982276875513792e+07 3.533544539162353542e-22
6.400081833797401935e+07 3.434304152820380267e-22
6.560083879642336071e+07 3.297289896919041960e-22
6.724085976633393764e+07 3.138482068772702803e-22
6.892188126049228013e+07 2.975928167230761074e-22
7.064492829200457036e+07 2.817812987843156929e-22
7.241105149930468202e+07 2.665510510876551874e-22
7.422132778678728640e+07 2.519026754049615876e-22
7.607686098145696521e+07 2.377359728280163847e-22
7.797878250599338114e+07 2.240548683828288821e-22
7.992825206864321232e+07 2.108530324582737275e-22
8.192645837035927176e+07 1.980297043627204953e-22
8.397461982961824536e+07 1.856871641943312817e-22
8.607398532535868883e+07 1.738063176109486582e-22
8.822583495849265158e+07 1.623287265517811287e-22
9.043148083245494962e+07 1.513744640825367061e-22
9.269226785326631367e+07 1.408777554229969366e-22
9.500957454959796369e+07 1.308575258581800716e-22
9.738481391333791614e+07 1.213011083243187738e-22
9.981943426117135584e+07 1.122389943485741045e-22
1.023149201177006364e+08 1.036659661989865099e-22
1.048727931206431389e+08 9.560395445786897191e-23
1.074946129486592114e+08 8.799782786853021827e-23
1.101819782723756731e+08 8.086683771953933906e-23
1.129365277291850597e+08 7.406730410495396275e-23
1.157599409224146754e+08 6.761349118552198887e-23
1.186539394454750419e+08 6.146064217112419700e-23
1.216202879316119105e+08 5.577674387345248211e-23
1.246607951299021989e+08 5.055046184516818406e-23
1.277773150081497431e+08 4.576114317652575366e-23
1.309717478833534569e+08 4.138802169558055469e-23
1.342460415804373026e+08 3.739486076996999128e-23
1.376021926199482083e+08 3.373653587980104289e-23
1.410422474354469180e+08 3.041002869824585297e-23
1.445683036213330626e+08 2.738211532626203964e-23
1.481825112118663788e+08 2.463341251611772303e-23
1.518870739921630025e+08 2.213294885381939272e-23
1.556842508419670761e+08 1.988039502654232912e-23
1.595763571130162477e+08 1.782902443060215655e-23
1.635657660408416688e+08 1.598046551730197691e-23
1.676549101918627024e+08 1.431591292360540408e-23
1.718462829466592669e+08 1.281104497678397012e-23
1.761424400203257203e+08 1.145564625596121175e-23
1.805460010208338201e+08 1.024064108341833598e-23
1.850596510463546515e+08 9.147253312861406368e-24
1.896861423225135207e+08 8.163453606716545455e-24
1.944282958805763721e+08 7.285499519292823911e-24
1.992890032775907516e+08 6.495816497286191245e-24
2.042712283595305383e+08 5.787444005619709985e-24
2.093780090685187578e+08 5.155884086378848770e-24
2.146124592952316999e+08 4.590312082538775441e-24
2.199777707776124775e+08 4.084545344854899375e-24
2.254772150470527709e+08 3.632942368921126042e-24
2.311141454232290685e+08 3.230088168727889840e-24
2.368919990588098168e+08 2.870343579766365469e-24
2.428142990352800190e+08 2.550099383711350302e-24
2.488846565111619830e+08 2.264734614024390951e-24
2.551067729239410460e+08 2.010564451751243152e-24
2.614844422470395565e+08 1.784232565618081727e-24
2.680215533032155037e+08 1.583403975026855348e-24
2.747220921357958913e+08 1.404021356524185981e-24
2.815901444391907454e+08 1.245301596275803780e-24
2.886298980501705408e+08 1.104185205954517852e-24
2.958456455014247894e+08 9.783450343074762134e-25
3.032417866389603615e+08 8.668602151235235782e-25
3.108228313049343824e+08 7.684813105650292209e-25
3.185934020875577331e+08 6.806820406726575235e-25
3.265582371397466063e+08 6.026376892232790134e-25
3.347221930682402849e+08 5.336282324391092545e-25
3.430902478949462771e+08 4.723214725974052936e-25
3.516675040923198462e+08 4.179336094564710014e-25
3.604591916946277618e+08 3.698853499351931259e-25
3.694706714869934916e+08 3.270969032743334505e-25
3.787074382741683125e+08 2.891022385566094024e-25
3.881751242310224771e+08 2.555385387399754250e-25
3.978795023367980123e+08 2.257892611404239752e-25
4.078264898952178955e+08 1.993566850676025310e-25
4.180221521425982714e+08 1.760030631160626369e-25
4.284727059461631775e+08 1.553294610068223914e-25
4.391845235948172212e+08 1.370374303819337774e-25
4.501641366846876144e+08 1.208735852841691429e-25
4.614182401018047333e+08 1.065961383231799724e-25
4.729536961043497920e+08 9.398423058393139533e-26
4.847775385069584846e+08 8.285452946362721620e-26
4.968969769696324468e+08 7.304634540416490268e-26
5.093194013938732147e+08 6.436284622892801541e-26
5.220523864287199974e+08 5.669766199201404805e-26
5.351036960894379616e+08 4.994708965110355477e-26
5.484812884916738272e+08 4.399701691405520666e-26
5.621933207039656639e+08 3.874003624947584912e-26
5.762481537215647697e+08 3.412225747854278482e-26
5.906543575646038055e+08 3.004097599424843807e-26
6.054207165037188530e+08 2.643811677177413950e-26
6.205562344163117409e+08 2.327655874321390645e-26
6.360701402767194510e+08 2.048894902017193450e-26
6.519718937836374044e+08 1.802979790223652220e-26
6.682711911282283068e+08 1.587099256082146229e-26
6.849779709064339399e+08 1.396615956034462273e-26
7.021024201790946722e+08 1.228771632300831517e-26
7.196549806835720539e+08 1.081607411642554622e-26
7.376463552006613016e+08 9.519994839162671035e-27
7.560875140806777477e+08 8.375691611613795553e-27
7.749897019326947927e+08 7.371435629494448685e-27
7.943644444810118675e+08 6.487992802909161730e-27
8.142235555930371284e+08 5.707381345536659379e-27
8.345791444828630686e+08 5.022922395530589082e-27
8.554436230949344635e+08 4.420921182994033369e-27
8.768297136723078489e+08 3.891096796108029591e-27
8.987504565141153336e+08 3.424318488919325904e-27
9.212192179269682169e+08 3.014714178359705363e-27
9.442496983751423359e+08 2.653595812647896460e-27
9.678559408345208168e+08 2.335384215006960015e-27
9.920523393553836346e+08 2.056215323450558559e-27
1.016853647839268208e+09 1.810292843973394863e-27
1.042274989035249710e+09 1.593677481933121087e-27
1.068331863761130810e+09 1.405441519471687755e-27
1.095040160355159044e+09 1.237878553545401259e-27
1.122416164364037991e+09 1.090334147151825032e-27
1.150476568473139048e+09 9.616077413025284986e-28
1.179238482684967279e+09 8.481683904549686082e-28
1.208719444752091408e+09 7.476113936752496899e-28
1.238937430870893478e+09 6.594007596543929042e-28
1.269910866642665863e+09 5.816440362678229374e-28
1.301658638308732271e+09 5.129861073607840654e-28
1.334200104266450644e+09 4.529534113717647095e-28
1.367555106873111725e+09 4.002353276536532299e-28
1.401743984544939518e+09 3.529442490374851739e-28
1.436787584158562660e+09 3.111528235709752766e-28
1.472707273762526751e+09 2.744272227392258179e-28
1.509524955606589794e+09 2.419684146322553736e-28
1.547263079496754408e+09 2.134411220944358149e-28
1.585944656484173536e+09 1.883167343170105253e-28
1.625593272896277666e+09 1.661495704113862228e-28
1.666233104718684673e+09 1.466220132329729947e-28
1.707888932336651325e+09 1.294347028764379747e-28
1.750586155645067692e+09 1.142406340798731042e-28
1.794350809536194324e+09 1.008604448062319574e-28
1.839209579774598837e+09 8.912501357265051091e-29
1.885189819268963575e+09 7.886262641116860159e-29
1.932319564750687599e+09 6.998579913659253027e-29
1.980627553869454622e+09 6.183692702388002485e-29
2.030143242716190815e+09 5.471341945077883013e-29
2.080896823784095049e+09 4.840465316519052028e-29
2.132919244378697395e+09 4.287139947291266941e-29
2.186242225488164902e+09 3.788199747884338324e-29
2.240898281125368595e+09 3.353568674857788775e-29
2.296920738153502464e+09 2.972048914539429153e-29
2.354343756607339859e+09 2.627706102760833550e-29
2.413202350522523403e+09 2.322961344611444000e-29
2.473532409285586357e+09 2.064636237210020058e-29
2.535370719517725945e+09 1.850194839969526376e-29
2.598754987505668640e+09 1.644140645984871325e-29
2.663723862193310261e+09 1.462638700751126916e-29
2.730316958748142719e+09 1.301077280271519148e-29
2.798574882716845989e+09 1.157593733144692916e-29
2.868539254784767151e+09 1.027528450096594823e-29
2.940252736154385567e+09 9.157637088489144749e-30
3.013759054558244705e+09 8.107607391943351939e-30
3.089103030922201157e+09 7.181216688286224337e-30
3.166330606695255756e+09 6.366002742140575458e-30
3.245488871862636566e+09 5.638329524688567203e-30
3.326626093659202576e+09 4.992340164453928668e-30
3.409791746000682831e+09 4.423277501261078614e-30
3.495036539650699615e+09 3.920263180694386767e-30
3.582412453141966343e+09 3.476041056635142535e-30
3.671972764470515251e+09 3.096173002435465894e-30
3.763772083582277775e+09 2.768694929507499569e-30
3.857866385671834469e+09 2.453080310963483916e-30
3.954313045313629627e+09 2.175649782978672029e-30
4.053170871446470261e+09 1.945889746083060337e-30
4.154500143232631207e+09 1.735190869591046331e-30
4.258362646813446045e+09 1.549500793513343165e-30
4.364821712983781815e+09 1.381855399613717173e-30
4.473942255808376312e+09 1.227558658740007327e-30
4.585790812203585625e+09 1.088346050030914047e-30
4.700435582508674622e+09 8.162949696892547767e-35
