4.497141657896573008e+01 0.000000000000000000e+00
4.609570199343986019e+01 0.000000000000000000e+00
4.724809454327586877e+01 0.000000000000000000e+00
4.842929690685775768e+01 0.000000000000000000e+00
4.964002932952919878e+01 0.000000000000000000e+00
5.088103006276742235e+01 0.000000000000000000e+00
5.215305581433660365e+01 0.000000000000000000e+00
5.345688220969501003e+01 0.000000000000000000e+00
5.479330426493738315e+01 0.000000000000000000e+00
5.616313687156080903e+01 0.000000000000000000e+00
5.756721529334981824e+01 0.000000000000000000e+00
5.900639567568356370e+01 0.000000000000000000e+00
6.048155556757564710e+01 0.000000000000000000e+00
6.199359445676503810e+01 0.000000000000000000e+00
6.354343431818415411e+01 0.000000000000000000e+00
6.513202017613875228e+01 0.000000000000000000e+00
6.676032068054222179e+01 0.000000000000000000e+00
6.842932869755576064e+01 0.000000000000000000e+00
7.014006191499464649e+01 0.000000000000000000e+00
7.189356346286950838e+01 0.000000000000000000e+00
7.369090254944124752e+01 0.000000000000000000e+00
7.553317511317726485e+01 0.000000000000000000e+00
7.742150449100668652e+01 0.000000000000000000e+00
7.935704210328184161e+01 0.000000000000000000e+00
8.134096815586389084e+01 0.000000000000000000e+00
8.337449235976046680e+01 0.000000000000000000e+00
8.545885466875448344e+01 0.000000000000000000e+00
8.759532603547333451e+01 0.000000000000000000e+00
8.978520918636016290e+01 0.000000000000000000e+00
9.202983941601914353e+01 0.000000000000000000e+00
9.433058540141962567e+01 0.000000000000000000e+00
9.668885003645510778e+01 0.000000000000000000e+00
9.910607128736646132e+01 0.000000000000000000e+00
1.015837230695506150e+02 0.000000000000000000e+00
1.041233161462893833e+02 0.000000000000000000e+00
1.067263990499466075e+02 0.000000000000000000e+00
1.093945590261952674e+02 0.000000000000000000e+00
1.121294230018501281e+02 0.000000000000000000e+00
1.149326585768963724e+02 0.000000000000000000e+00
1.178059750413187885e+02 0.000000000000000000e+00
1.207511244173517468e+02 0.000000000000000000e+00
1.237699025277855327e+02 0.000000000000000000e+00
1.268641500909801465e+02 0.000000000000000000e+00
1.300357538432546676e+02 0.000000000000000000e+00
1.332866476893360073e+02 0.000000000000000000e+00
1.366188138815693947e+02 0.000000000000000000e+00
1.400342842286086409e+02 0.000000000000000000e+00
1.435351413343238676e+02 0.000000000000000000e+00
1.471235198676819493e+02 0.000000000000000000e+00
1.508016078643739775e+02 0.000000000000000000e+00
1.545716480609833070e+02 0.000000000000000000e+00
1.584359392625078726e+02 0.000000000000000000e+00
1.623968377440705524e+02 0.000000000000000000e+00
1.664567586876723055e+02 0.000000000000000000e+00
1.706181776548640983e+02 0.000000000000000000e+00
1.748836320962357149e+02 0.000000000000000000e+00
1.792557228986416078e+02 0.000000000000000000e+00
1.837371159711076416e+02 0.000000000000000000e+00
1.883305438703852985e+02 0.000000000000000000e+00
1.930388074671449203e+02 0.000000000000000000e+00
1.978647776538235235e+02 0.000000000000000000e+00
2.028113970951690987e+02 0.000000000000000000e+00
2.078816820225483468e+02 0.000000000000000000e+00
2.130787240731120562e+02 0.000000000000000000e+00
2.184056921749398157e+02 0.000000000000000000e+00
2.238658344793132926e+02 0.000000000000000000e+00
2.294624803412961001e+02 0.000000000000000000e+00
2.351990423498284883e+02 0.000000000000000000e+00
2.410790184085741998e+02 0.000000000000000000e+00
2.471059938687885165e+02 0.000000000000000000e+00
2.532836437155082194e+02 1.814288139949249544e-91
2.596157348083959278e+02 5.241913108941355591e-90
2.661061281786057862e+02 6.599259241666041567e-89
2.727587813830708683e+02 7.287082367368594127e-88
2.795777509176476201e+02 7.557347872810216749e-87
2.865671946905887921e+02 6.307855376805883514e-86
2.937313745578534849e+02 8.320282030085270396e-85
3.010746589217998235e+02 1.679432018675586962e-83
3.086015253948447707e+02 1.736020120714789506e-82
3.163165635297158360e+02 1.449614407794898660e-81
3.242244776179587120e+02 1.074442702316843081e-80
3.323300895584076784e+02 7.330081891513125632e-80
3.406383417973677865e+02 2.657773569073741688e-78
3.491543003423020082e+02 2.830056238505171841e-77
3.578831578508595044e+02 2.267159097614258005e-76
3.668302367971309650e+02 1.495895496184774436e-75
3.760009927170591482e+02 2.128781880621839386e-74
3.854010175349856127e+02 3.015204539712515727e-73
3.950360429733602814e+02 2.270476639730403129e-72
4.049119440476941918e+02 1.398851091780381458e-71
4.150347426488865494e+02 1.209578221330582274e-70
4.254106112151086450e+02 2.108837115144776899e-69
4.360458764954862545e+02 1.572304869546509773e-68
4.469470234078733597e+02 9.291026781305792772e-68
4.581206989930701639e+02 9.211667514648002656e-67
4.695737164678968725e+02 8.916274247693896214e-66
4.813130593795943355e+02 5.044534584454298995e-65
4.933458858640840958e+02 2.264271462770277209e-64
5.056795330106862139e+02 2.407327518907340398e-63
5.183215213359533209e+02 1.304748324320323746e-62
5.312795593693521141e+02 6.161473044216477163e-62
5.445615483535858630e+02 3.907762018931999966e-61
5.581755870624253930e+02 2.134417416768837975e-60
5.721299767389861017e+02 9.485255322019690640e-60
5.864332261574606946e+02 5.457431144006270295e-59
6.010940568113971949e+02 2.582765029269283391e-58
6.161214082316820395e+02 1.060366707086704971e-57
6.315244434374740194e+02 5.846096587534782822e-57
6.473125545234108813e+02 2.702888637978344593e-56
6.634953683864960112e+02 1.138472228633880684e-55
6.800827525961584570e+02 3.972002545053267396e-55
6.970848214110623076e+02 1.389009464953243504e-54
7.145119419463388795e+02 5.173741613257321415e-54
7.323747404949972406e+02 1.750039187900327160e-53
7.506841090073720579e+02 6.031644881898405250e-53
7.694512117325563167e+02 1.784342696258173090e-52
7.886874920258702559e+02 4.784868301773680524e-52
8.084046793265168844e+02 1.277906889697139933e-51
8.286147963096798321e+02 3.444993314522276051e-51
8.493301662174217199e+02 9.722403492690756039e-51
8.705634203728571947e+02 1.929627085118666202e-50
8.923275058821785706e+02 4.707068510603193686e-50
9.146356935292328671e+02 1.180389816908402314e-49
9.375015858674635183e+02 2.863578361624642528e-49
9.609391255141499641e+02 5.256462021217419903e-49
9.849626036520035086e+02 1.169948891959193825e-48
1.009586668743303562e+03 2.205945803276083470e-48
1.034826335461886174e+03 4.337002537104965660e-48
1.060696993848433067e+03 8.622076794701887196e-48
1.087214418694643882e+03 1.508011862255069208e-47
1.114394779162010082e+03 2.897880537775779166e-47
1.142254648641060157e+03 5.504678350625234551e-47
1.170811014857086548e+03 9.980747362419312487e-47
1.200081290228513581e+03 1.731587546857313709e-46
1.230083322484226301e+03 3.075043636486199123e-46
1.260835405546331913e+03 4.731655530168869398e-46
1.292356290684990199e+03 7.063724721814865432e-46
1.324665197952115022e+03 1.157348433819394353e-45
1.357781827900917506e+03 1.745578829471276155e-45
1.391726373598440205e+03 2.611360864588023862e-45
1.426519532938401426e+03 3.517876220616789547e-45
1.462182521261861211e+03 4.765486597791119514e-45
1.498737084293407406e+03 6.595009462920239806e-45
1.536205511400742580e+03 9.787873730086247112e-45
1.574610649185761076e+03 1.298292588348948471e-44
1.613975915415405325e+03 2.511703561617400355e-44
1.654325313300790185e+03 4.195726594102782729e-44
1.695683446133309872e+03 7.278012623920732507e-44
1.738075532286642556e+03 1.391774753897035966e-43
1.781527420593808529e+03 2.639853293972573238e-43
1.826065606108653583e+03 6.160462172324059486e-43
1.871717246261369837e+03 1.569339491420238166e-42
1.918510177417903833e+03 3.666574567931426102e-42
1.966472931853351156e+03 1.724304268386750547e-41
2.015634755149684679e+03 6.209331933236598464e-41
2.066025624028427046e+03 1.478219850051211423e-40
2.117676264629137222e+03 3.453040026182510041e-40
2.170618171244865152e+03 8.694692356892275368e-40
2.224883625525986645e+03 2.025831993878357811e-39
2.280505716164136174e+03 4.976081559624900715e-39
2.337518359068239533e+03 1.290308998577393194e-38
2.395956318044945419e+03 3.281213038849049432e-38
2.455855225996068839e+03 7.531455673667404764e-38
2.517251606645970242e+03 1.707642122585687729e-37
2.580182896812119907e+03 4.135219961508299116e-37
2.644687469232422245e+03 1.000682161316116045e-36
2.710804655963233017e+03 2.485012870696630069e-36
2.778574772362313070e+03 5.889576194929540052e-36
2.848039141671370999e+03 1.367111726689823892e-35
2.919240120213155024e+03 3.042165068604530548e-35
2.992221123218483172e+03 6.878237227173249254e-35
3.067026651298945580e+03 1.573659520909090699e-34
3.143702317581419265e+03 4.855083452721679173e-34
3.222294875520954065e+03 1.051975876305056176e-33
3.302852247408977746e+03 3.934885073878600142e-33
3.385423553594202531e+03 1.939835072651831805e-32
3.470059142434056866e+03 2.549420029152330722e-32
3.556810620994908277e+03 7.217250686154631168e-32
3.645730886519781052e+03 1.362695781699820011e-31
3.736874158682775487e+03 2.290659252534013883e-31
3.830296012649844670e+03 7.574140779379890023e-31
3.926053412966090036e+03 2.214818316329011534e-30
4.024204748290242605e+03 5.831117545045846850e-30
4.124809866997498830e+03 1.098698188779391459e-29
4.227930113672435255e+03 1.684087563777498646e-29
4.333628366514245499e+03 2.518928515464341648e-29
4.441969075677101500e+03 3.962502316119346954e-29
4.553018302569029402e+03 5.870626988990029958e-29
4.666843760133254364e+03 7.769294757884676962e-29
4.783514854136585200e+03 1.103888272549525739e-28
4.903102725490000012e+03 1.833904753300991807e-28
5.025680293627249739e+03 2.684857595774408813e-28
5.151322300967930460e+03 3.492582801288110782e-28
5.280105358492128289e+03 4.544296087629103242e-28
5.412107992454431042e+03 1.269120398545298125e-27
5.547410692265792022e+03 1.696857038278650996e-27
5.686095959572435277e+03 2.299613437634990905e-27
5.828248358561745590e+03 2.942326514932017002e-27
5.973954567525788661e+03 4.098398697555454793e-27
6.123303431713931786e+03 5.462522297392197632e-27
6.276386017506780263e+03 6.986293049957877521e-27
6.433295667944449633e+03 1.243054767165956800e-26
6.594128059643060624e+03 2.045319051505055987e-26
6.758981261134135821e+03 2.550352641668549603e-26
6.927955792662488420e+03 3.170746066885921574e-26
7.101154687479049244e+03 3.991200803867874142e-26
7.278683554666025884e+03 5.014083323354532440e-26
7.460650643532675531e+03 6.284219547277549253e-26
7.647166909620991646e+03 7.842960503028418865e-26
7.838346082361514163e+03 9.843909688548386495e-26
8.034304734420551540e+03 1.203718637064407458e-25
8.235162352781064328e+03 1.473280951108828538e-25
8.441041411600588617e+03 1.810189853470751406e-25
8.652067446890603605e+03 1.754968513425828574e-25
8.868369133062868059e+03 1.412662107510400471e-25
9.090078361389440033e+03 9.048142546304113930e-26
9.317330320424174715e+03 4.819522011736345587e-26
9.550263578434780356e+03 4.079269328460957652e-26
9.789020167895647319e+03 4.691825904038956026e-26
1.003374567209303859e+04 5.399599950499665097e-26
1.028458931389536156e+04 1.126557475143404275e-25
1.054170404674274505e+04 2.025216804775947393e-25
1.080524664791131363e+04 2.547606819589207669e-25
1.107537781410909520e+04 2.676508617006785563e-25
1.135226225946182240e+04 2.971979654261273302e-25
1.163606881594836705e+04 3.136222843628108592e-25
1.192697053634707481e+04 3.384043723075844307e-25
1.222514479975575159e+04 3.585931021198149804e-25
1.253077341974964293e+04 3.729637170404750951e-25
1.284404275524338300e+04 3.960193127765189887e-25
1.316514382412446503e+04 4.135697773235737104e-25
1.349427241972757474e+04 4.277920887046110880e-25
1.356174378182620967e+04 4.214612806082924955e-25
1.362955250073533898e+04 3.783713847913497985e-25
1.369770026323901402e+04 3.853048799336303719e-25
1.376618876455520876e+04 4.352925277916570199e-25
1.383501970837798399e+04 4.470719082111035950e-25
1.390419480691987337e+04 4.553879561215274939e-25
1.397371578095446966e+04 4.626978536289548343e-25
1.404358435985924007e+04 4.641960278087331843e-25
1.411380228165853441e+04 4.738068711258725551e-25
1.418437129306682618e+04 4.756693705850186107e-25
1.425529314953215726e+04 4.826332739070998960e-25
1.432656961527981548e+04 4.875975749242178107e-25
1.439820246335621414e+04 4.926734153162019918e-25
1.447019347567299337e+04 4.973174125475191131e-25
1.454254444305135621e+04 4.984971256900216452e-25
1.461525716526661199e+04 5.044027724744483549e-25
1.468833345109294532e+04 5.086446475835362339e-25
1.476177511834840698e+04 5.134438323765837632e-25
1.483558399394014668e+04 5.155850592114610019e-25
1.490976191390984604e+04 5.152994782514867455e-25
1.498431072347939516e+04 5.238984465479450370e-25
1.505923227709678940e+04 5.227050784219179557e-25
1.513452843848227349e+04 5.286788775922713383e-25
1.521020108067468391e+04 5.316109292630585621e-25
1.528625208607805325e+04 5.395425103937032238e-25
1.536268334650844008e+04 5.391331151732196169e-25
1.543949676324098255e+04 5.361520747046733378e-25
1.551669424705718484e+04 5.375256807054586522e-25
1.559427771829246922e+04 5.440491361752228941e-25
1.567224910688392993e+04 5.417033070098886862e-25
1.575061035241834907e+04 5.476762039480319581e-25
1.582936340418043983e+04 5.545447489130429764e-25
1.590851022120133894e+04 5.545396769902527272e-25
1.598805277230734464e+04 5.551622947053626174e-25
1.606799303616888028e+04 5.622761737479325868e-25
1.614833300134972160e+04 5.600369414294771549e-25
1.622907466635646779e+04 5.630460026760840641e-25
1.631022003968825084e+04 5.658865393551731827e-25
1.639177113988669225e+04 5.708705516799654373e-25
1.647372999558611991e+04 5.736226465508966200e-25
1.655609864556404864e+04 5.761922156095602712e-25
1.663887913879186817e+04 5.897655923524521737e-25
1.672207353448582580e+04 5.870982061535847743e-25
1.680568390215825275e+04 5.777649255089393018e-25
1.688971232166904156e+04 5.928535539424041782e-25
1.697416088327738544e+04 5.898969189760057985e-25
1.705903168769377226e+04 5.915685474659260322e-25
1.714432684613223682e+04 5.855570098797815262e-25
1.723004848036289695e+04 5.929915686614558868e-25
1.731619872276470778e+04 5.764525481578684746e-25
1.740277971637852897e+04 5.825625331802203374e-25
1.748979361496042111e+04 5.853520656422211740e-25
1.757724258303522220e+04 5.911936883144782525e-25
1.766512879595039703e+04 5.957635802499369122e-25
1.775345443993014487e+04 5.975715628312404987e-25
1.784222171212979447e+04 6.119353177028494367e-25
1.793143282069044290e+04 6.171360650704181597e-25
1.802108998479389265e+04 6.058435663225129867e-25
1.811119543471786164e+04 6.212917568209363745e-25
1.820175141189144779e+04 6.308047930090146353e-25
1.829276016895090652e+04 6.239175384416469904e-25
1.838422396979566111e+04 6.394420180478665156e-25
1.847614508964463676e+04 6.405391867581490413e-25
1.856852581509285665e+04 6.482049019847708581e-25
1.866136844416831809e+04 6.488830545349889635e-25
1.875467528638915610e+04 6.274139962712090503e-25
1.884844866282110161e+04 6.422244952025873497e-25
1.894269090613520530e+04 6.390164007373565834e-25
1.903740436066587790e+04 6.530113173830404960e-25
1.913259138246920338e+04 6.376184466002532585e-25
1.922825433938155038e+04 6.393277406191268053e-25
1.932439561107845657e+04 6.516879935038155690e-25
1.942101758913384401e+04 6.544342274005458916e-25
1.951812267707951105e+04 6.492965635681959873e-25
1.961571329046490428e+04 6.653555565560291584e-25
1.971379185691722887e+04 6.577336942557028646e-25
1.981236081620181358e+04 6.655087304415389538e-25
1.991142262028282130e+04 6.707254492896050418e-25
2.001097973338423253e+04 6.649997406885293113e-25
2.011103463205115258e+04 6.609164914594059713e-25
2.021158980521140620e+04 6.715705422581876472e-25
2.031264775423746323e+04 6.596459948341366221e-25
2.041421099300864444e+04 6.708613295777472728e-25
2.051628204797369108e+04 6.746930772102274664e-25
2.061886345821355644e+04 6.592791309294412649e-25
2.072195777550461935e+04 6.722324641057015717e-25
2.082556756438214506e+04 6.769574273989143607e-25
2.092969540220405179e+04 6.746698621079317444e-25
2.103434387921507005e+04 6.742996225111003966e-25
2.113951559861114220e+04 6.630901154747403820e-25
2.124521317660419300e+04 6.765219063982275018e-25
2.135143924248721305e+04 6.796466611997071518e-25
2.145819643869964784e+04 6.794312072079090428e-25
2.156548742089314692e+04 6.763272133512584232e-25
2.167331485799760776e+04 6.793708762093086735e-25
2.178168143228759072e+04 6.700090830016094695e-25
2.189058983944902866e+04 6.776215818825972907e-25
2.200004278864627486e+04 6.806277006436239593e-25
2.211004300258950025e+04 6.873882905830175942e-25
2.222059321760244347e+04 6.830843649375281528e-25
2.233169618369045565e+04 6.836228298703227843e-25
2.244335466460890530e+04 6.900189487803553551e-25
2.255557143793194700e+04 6.902428092959138170e-25
2.266834929512160670e+04 7.164901308868169274e-25
2.278169104159720882e+04 7.415643916442183963e-25
2.289559949680519640e+04 7.495053854503345560e-25
2.301007749428922034e+04 7.519388682757555795e-25
2.312512788176066533e+04 7.712279706305747790e-25
2.324075352116946669e+04 7.516480769609148287e-25
2.335695728877530928e+04 7.505503080391244916e-25
2.347374207521918288e+04 7.399613076668594040e-25
2.359111078559527959e+04 7.582365387133537787e-25
2.370906633952325137e+04 7.457584194268665456e-25
2.382761167122086772e+04 7.477367547105165363e-25
2.394674972957696809e+04 7.539481626410035051e-25
2.406648347822485084e+04 7.492906044019221587e-25
2.418681589561597502e+04 7.206505868924334543e-25
2.430774997509405148e+04 7.458562693616044912e-25
2.442928872496951954e+04 7.431074182602894262e-25
2.455143516859436204e+04 7.483710815336015636e-25
2.467419234443732785e+04 7.347412534912380318e-25
2.479756330615951447e+04 7.316821618764431261e-25
2.492155112269031088e+04 6.716702694958339806e-25
2.504615887830375868e+04 7.465747339411956162e-25
2.517138967269527348e+04 7.724759114136949829e-25
2.529724662105874813e+04 7.810254582525585959e-25
2.542373285416404178e+04 7.687506516969719158e-25
2.555085151843485801e+04 7.792135467174839177e-25
2.567860577602703052e+04 8.039351128171045564e-25
2.580699880490716168e+04 7.959994017194738621e-25
2.593603379893169767e+04 7.988223146293283788e-25
2.606571396792635278e+04 7.928292086953614517e-25
2.619604253776597761e+04 8.085259976183678920e-25
2.632702275045480928e+04 7.992516234371165240e-25
2.645865786420708173e+04 8.215905813880819823e-25
2.659095115352811263e+04 8.305008114795176714e-25
2.672390590929575046e+04 8.358182622998173193e-25
2.685752543884222541e+04 8.305173775383966046e-25
2.699181306603643316e+04 8.293829617168180473e-25
2.712677213136661157e+04 8.445513056851386129e-25
2.726240599202344310e+04 8.626699852084886742e-25
2.739871802198355363e+04 7.577106282520170161e-25
2.753571161209347338e+04 8.563330491246013686e-25
2.767339017015393620e+04 8.808617002804905977e-25
2.781175712100470264e+04 9.003889665484713029e-25
2.795081590660972870e+04 9.033385091333514662e-25
2.809056998614277109e+04 8.874080938136925192e-25
2.823102283607347999e+04 9.124037390990240586e-25
2.837217795025384476e+04 9.025998681664512900e-25
2.851403884000510880e+04 9.093317853876069875e-25
2.865660903420513569e+04 9.489251996063468426e-25
2.879989207937615356e+04 9.613121740687369133e-25
2.894389153977303431e+04 9.683323788621508876e-25
2.908861099747189655e+04 9.670625465673782646e-25
2.923405405245925067e+04 9.785229403982714000e-25
2.938022432272154401e+04 9.925567149809631378e-25
2.952712544433514631e+04 9.947818605488318468e-25
2.967476107155682257e+04 1.007435160317467491e-24
2.982313487691459886e+04 1.002191749156174156e-24
2.997225055129917018e+04 1.028567091051547477e-24
3.012211180405566847e+04 1.023049532746408053e-24
3.027272236307593994e+04 1.077838183144964004e-24
3.042408597489131716e+04 1.106945299116473309e-24
3.057620640476576955e+04 1.118067864833108516e-24
3.072908743678959581e+04 1.138586405941083529e-24
3.088273287397354215e+04 1.111509016788847410e-24
3.103714653834340425e+04 1.167582311363537687e-24
3.119233227103512036e+04 1.180838104479270961e-24
3.134829393239029014e+04 1.189427858562884869e-24
3.150503540205223908e+04 1.233893227804825527e-24
3.166256057906249771e+04 1.259349635687485879e-24
3.182087338195780467e+04 1.263252400628493118e-24
3.197997774886758998e+04 1.307176630942934719e-24
3.213987763761192764e+04 1.336552523306230657e-24
3.230057702579997931e+04 1.362891037600008479e-24
3.246207991092898010e+04 1.381415511960663342e-24
3.262439031048361721e+04 1.420981873453923004e-24
3.278751226203603437e+04 1.452706231678837069e-24
3.295144982334620727e+04 1.506119879700365585e-24
3.311620707246293750e+04 1.555420353680650710e-24
3.328178810782524670e+04 1.598074967729209100e-24
3.344819704836436722e+04 1.672627272548170215e-24
3.361543803360618040e+04 1.701606836892329044e-24
3.378351522377420770e+04 1.731167226558027148e-24
3.395243279989307484e+04 1.816746153638797327e-24
3.412219496389253618e+04 1.867761132499584720e-24
3.429280593871200108e+04 1.909202752698325985e-24
3.446426996840555512e+04 1.950015700644391567e-24
3.463659131824757787e+04 2.025950458362894341e-24
3.480977427483881183e+04 2.101172660754841402e-24
3.498382314621299884e+04 2.195468003801989757e-24
3.515874226194405492e+04 2.283410120511314689e-24
3.533453597325377632e+04 2.335864375340187041e-24
3.551120865312004025e+04 2.246626693295275886e-24
3.568876469638563867e+04 2.535447755075628545e-24
3.586720851986756315e+04 2.664349594454636619e-24
3.604654456246689369e+04 2.703850565147982544e-24
3.622677728527922591e+04 2.908237758377331658e-24
3.640791117170561483e+04 3.006307549950840295e-24
3.658995072756413720e+04 3.224462224991738811e-24
3.677290048120195570e+04 3.335824462208354474e-24
3.695676498360796541e+04 3.587646287151090694e-24
3.714154880852600036e+04 3.739411147887389919e-24
3.732725655256862956e+04 3.956812808224982755e-24
3.751389283533146954e+04 4.011698540415428874e-24
3.770146229950812267e+04 4.426253391726425819e-24
3.788996961100566114e+04 4.683578085726694824e-24
3.807941945906067849e+04 4.925767854947884429e-24
3.826981655635598145e+04 5.214714525332697721e-24
3.846116563913775462e+04 5.324583254935330615e-24
3.865347146733344562e+04 5.796951086280851456e-24
3.884673882467010117e+04 6.193818594119747072e-24
3.904097251879345276e+04 6.705463829925209653e-24
3.923617738138741697e+04 7.187292523943973243e-24
3.943235826829434518e+04 7.677762051315144005e-24
3.962952005963581905e+04 8.245615677179355712e-24
3.982766765993399167e+04 8.795016419355794924e-24
4.002680599823365628e+04 9.437947009140991112e-24
4.022694002822482435e+04 1.021598664432893639e-23
4.042807472836594388e+04 1.083144146084169975e-23
4.063021510200776538e+04 1.167961005574113958e-23
4.083336617751780432e+04 1.267718234847119926e-23
4.103753300840537850e+04 1.898334318567374454e-23
4.124272067344740208e+04 2.267730294121051654e-23
4.144893427681463072e+04 3.531172915849813507e-23
4.165617894819870708e+04 3.078909024556431625e-23
4.186445984293969377e+04 3.140558677020365838e-23
4.207378214215438493e+04 7.742506500216507723e-23
4.228415105286515609e+04 8.738879153681628215e-23
4.249557180812946899e+04 1.095896626725264995e-22
4.270804966717011848e+04 3.078270545286540807e-23
4.292158991550595965e+04 1.438975447807250059e-22
4.313619786508348625e+04 2.975758848683758647e-22
4.335187885440889659e+04 3.046651084105159160e-22
4.356863824868093798e+04 1.160903308542441634e-22
4.378648143992432597e+04 6.031209951213416609e-23
4.400541384712394211e+04 2.051145209272812575e-22
4.422544091635957011e+04 6.586310472845271075e-22
4.444656812094135967e+04 1.064571224285107235e-21
4.466880096154606144e+04 1.289802414471994409e-21
4.489214496635377873e+04 1.528779634135563665e-21
4.511660569118554849e+04 1.579852064036748668e-21
4.534218871964147547e+04 1.162151697880759490e-21
4.556889966323967383e+04 7.707833807046688329e-22
4.579674416155586368e+04 2.524272557677014357e-22
4.602572788236363704e+04 8.518770396520605715e-23
4.625585652177545126e+04 1.148709190271350833e-22
4.648713580438432109e+04 3.262549747708631274e-22
4.671957148340623826e+04 9.119458802184009098e-22
4.695316934082326043e+04 2.038972676076566896e-21
4.718793518752737145e+04 2.812533258937416152e-21
4.742387486346501100e+04 3.374845883797758786e-21
4.766099423778232449e+04 4.229868982536468994e-21
4.789929920897123520e+04 4.180265005258031482e-21
4.813879570501609123e+04 4.940035790084512549e-21
4.837948968354116369e+04 5.318822835456971798e-21
4.862138713195886521e+04 6.007441315256867544e-21
4.886449406761865248e+04 5.014233921518740060e-21
4.910881653795674356e+04 5.385459402177024892e-21
4.935436062064653379e+04 4.710212605557018351e-21
4.960113242374976107e+04 8.534454534588645321e-21
4.984913808586850064e+04 4.855327600453311471e-21
5.009838377629783645e+04 5.968021152789901530e-21
5.034887569517931115e+04 9.046507365507283628e-21
5.060062007365519821e+04 7.669244945287216817e-21
5.085362317402347981e+04 7.292850204966041296e-21
5.110789128989358869e+04 9.094999738950471278e-21
5.136343074634304503e+04 6.760515355609790771e-21
5.162024790007475531e+04 6.791064460659837149e-21
5.187834913957511890e+04 7.054587985646852039e-21
5.213774088527298591e+04 5.866110857515031856e-21
5.239842958969934261e+04 6.785305829273565482e-21
5.266042173764784093e+04 5.667446513479299142e-21
5.292372384633606998e+04 4.806374627145137930e-21
5.318834246556775179e+04 4.409966545393876736e-21
5.345428417789557716e+04 2.774055256649969968e-21
5.372155559878505301e+04 4.615736471874890942e-22
5.399016337677897536e+04 8.509867705267783848e-22
5.426011419366287009e+04 1.510226099051428768e-22
5.453141476463117579e+04 1.061199698448408873e-22
5.480407183845432155e+04 2.075820057118501010e-22
5.507809219764659065e+04 6.373470853337640968e-22
5.535348265863482084e+04 1.578497311386046233e-21
5.563025007192798512e+04 4.631254564586480727e-21
5.590840132228762377e+04 7.217070892227191243e-21
5.618794332889906218e+04 9.603046729688885460e-21
5.646888304554355273e+04 1.312425489994403557e-20
5.675122746077126067e+04 1.007163107187840782e-20
5.703498359807510860e+04 1.624670452934102079e-20
5.732015851606548677e+04 1.590767801679295735e-20
5.760675930864580732e+04 1.632024204282999544e-20
5.789479310518902639e+04 1.973038718178166111e-20
5.818426707071496639e+04 2.106435166571060973e-20
5.847518840606854792e+04 2.142768067200915169e-20
5.876756434809888015e+04 1.587139638096651512e-20
5.906140216983936261e+04 2.178099818764591758e-20
5.935670918068855826e+04 2.304320749256160278e-20
5.965349272659200506e+04 2.548996997056323808e-20
5.995176019022495166e+04 2.462874894115115295e-20
6.025151899117606081e+04 2.723151262907843398e-20
6.055277658613194217e+04 2.463018034085954419e-20
6.085554046906258736e+04 2.368760449327855395e-20
6.115981817140789644e+04 2.491604315253633086e-20
6.146561726226493192e+04 2.310802975937691461e-20
6.177294534857624967e+04 2.476011186633468037e-20
6.208181007531912473e+04 2.485273048089950991e-20
6.239221912569570850e+04 2.663300079435946497e-20
6.270418022132418992e+04 2.539688007824285532e-20
6.301770112243080075e+04 2.497998140248250195e-20
6.333278962804294861e+04 2.610100975064388645e-20
6.364945357618315029e+04 2.386979721990661600e-20
6.396770084406405658e+04 2.642885141287429703e-20
6.428753934828437195e+04 2.650098623834054236e-20
6.460897704502579290e+04 2.721285354278433122e-20
6.493202193025091401e+04 2.706549382929220678e-20
6.525668203990215989e+04 2.914271072810247257e-20
6.558296545010167756e+04 2.948052661583995808e-20
6.591088027735217474e+04 2.832713674697940193e-20
6.624043467873892223e+04 2.636645326984098038e-20
6.657163685213260760e+04 2.840740730639649152e-20
6.690449503639325849e+04 2.846934921820196234e-20
6.723901751157522085e+04 2.663769767373063511e-20
6.757521259913309768e+04 2.901073745970806136e-20
6.791308866212875000e+04 2.693319249338270347e-20
6.825265410543938924e+04 3.077488107734373391e-20
6.859391737596657185e+04 2.749772122336450952e-20
6.893688696284640173e+04 1.761784654173608238e-20
6.928157139766062028e+04 2.874656001214497499e-20
6.962797925464893342e+04 2.602059398893172029e-20
6.997611915092215349e+04 2.314713930292761472e-20
7.032599974667676724e+04 2.229335475225508773e-20
7.067762974541014410e+04 2.843269415556957108e-20
7.103101789413718507e+04 3.058115383948311060e-20
7.138617298360785935e+04 2.860709683289135030e-20
7.174310384852589050e+04 2.855183763972343468e-20
7.210181936776850489e+04 2.938568969694894345e-20
7.246232846460734436e+04 2.791394426636054567e-20
7.282464010693036835e+04 2.772952265527734805e-20
7.318876330746500753e+04 2.845299059588837207e-20
7.355470712400233606e+04 2.784271435025560650e-20
7.392248065962234978e+04 2.893431881806845777e-20
7.429209306292045221e+04 2.946444690160537278e-20
7.466355352823503199e+04 3.027443211058704018e-20
7.503687129587620439e+04 3.010298560928647969e-20
7.541205565235557151e+04 3.012091934635461864e-20
7.578911593061735039e+04 3.221543767026678040e-20
7.616806151027043234e+04 2.668936887633662781e-20
7.654890181782176660e+04 2.590336615423290776e-20
7.693164632691086445e+04 3.062901716111636233e-20
7.731630455854540924e+04 2.897740882627712927e-20
7.770288608133813250e+04 3.266076796783635361e-20
7.809140051174481050e+04 3.213593390151775986e-20
7.848185751430352684e+04 3.054783033642492843e-20
7.887426680187504098e+04 3.275254001020248710e-20
7.926863813588440826e+04 3.165723427111435035e-20
7.966498132656382222e+04 3.089456909181544159e-20
8.006330623319663573e+04 3.323644827599827386e-20
8.046362276436261891e+04 3.216886216347392343e-20
8.086594087818442495e+04 3.091688979008023561e-20
8.127027058257533645e+04 2.784033045344329715e-20
8.167662193548820505e+04 3.041774501031773193e-20
8.208500504516562796e+04 3.017802283236182884e-20
8.249543007039144868e+04 3.203787609090687149e-20
8.290790722074339283e+04 2.711742095121102070e-20
8.332244675684708636e+04 2.594880525076696935e-20
8.373905899063132529e+04 2.854122606752859627e-20
8.415775428558446583e+04 2.994634912161244636e-20
8.457854305701240082e+04 2.776490708133690468e-20
8.500143577229743823e+04 2.912684288911338998e-20
8.542644295115891146e+04 2.873695109355688145e-20
8.585357516591469175e+04 2.906487438184997808e-20
8.628284304174427234e+04 2.776355799870757811e-20
8.671425725695298752e+04 2.740786606839164780e-20
8.714782854323773063e+04 2.591130680594055048e-20
8.758356768595390895e+04 2.886153601176713877e-20
8.802148552438366460e+04 2.943552369201685842e-20
8.846159295200557972e+04 2.971883495137625560e-20
8.890390091676558950e+04 2.924839405767451298e-20
8.934842042134942312e+04 2.712945222092855961e-20
8.979516252345616522e+04 2.823248963308028940e-20
9.024413833607343258e+04 2.707752237912986394e-20
9.069535902775378781e+04 2.474789225400589201e-20
9.114883582289254991e+04 2.634307170201164540e-20
9.160458000200698734e+04 2.404985995782266020e-20
9.206260290201702446e+04 2.693084080110155939e-20
9.252291591652709758e+04 2.510920339118417958e-20
9.298553049610971357e+04 2.334008127191086412e-20
9.345045814859024540e+04 2.528377738357010289e-20
9.391771043933319743e+04 2.560384805800706391e-20
9.438729899152983853e+04 2.497813132838282739e-20
9.485923548648747965e+04 2.302359696168110971e-20
9.533353166391991545e+04 2.589909354755147659e-20
9.581019932223949581e+04 2.203693667548149903e-20
9.628925031885069620e+04 2.420325621658838145e-20
9.677069657044493943e+04 2.402755359974689654e-20
9.725455005329714913e+04 2.312359839622893331e-20
9.774082280356362753e+04 2.135545009339251860e-20
9.822952691758144647e+04 2.188796009668137684e-20
9.872067455216933740e+04 2.520816488439300081e-20
9.921427792493018205e+04 2.086459798442353590e-20
9.971034931455482729e+04 2.136908154107133194e-20
1.002089010611275735e+05 2.230405782268819503e-20
1.007099455664331908e+05 2.462587937662535342e-20
1.012134952942653617e+05 2.089641178722321049e-20
1.017195627707366657e+05 2.428168569556591040e-20
1.022281605845903105e+05 2.506178641520646429e-20
1.027393013875132601e+05 2.471451105911247075e-20
1.032529978944508039e+05 2.404342237840750272e-20
1.037692628839230456e+05 2.253256362463983852e-20
1.042881091983426450e+05 2.362936159665376519e-20
1.048095497443343484e+05 2.241465001506021502e-20
1.053335974930560042e+05 2.243754958161025730e-20
1.058602654805212806e+05 2.250203439663990829e-20
1.063895668079238676e+05 2.173090922791466517e-20
1.069215146419634693e+05 2.649385632988635003e-20
1.074561222151732945e+05 2.077386838476583317e-20
1.079934028262491483e+05 2.425782868237352857e-20
1.085333698403803864e+05 1.994627918706311693e-20
1.090760366895822663e+05 2.502256694665664337e-20
1.096214168730301753e+05 2.244673851397896163e-20
1.101695239573953149e+05 2.223760122819944205e-20
1.107203715771822899e+05 2.241636009279424419e-20
1.112739734350681829e+05 2.531974224491318844e-20
1.118303433022435056e+05 2.466164811592927739e-20
1.123894950187547074e+05 2.505797700074413202e-20
1.129514424938484735e+05 2.164515147864207376e-20
1.135161997063177259e+05 2.423065822009580211e-20
1.140837807048492832e+05 2.205574579076458816e-20
1.146541996083735139e+05 1.836123672396953229e-20
1.152274706064153725e+05 2.176156779188568626e-20
1.158036079594474286e+05 2.738194611571855426e-20
1.163826259992446430e+05 2.687303891061141938e-20
1.169645391292408749e+05 2.700839878782729301e-20
1.175493618248870480e+05 2.030255046005183925e-20
1.181371086340114707e+05 2.666628891837511634e-20
1.187277941771815094e+05 3.296485374022217991e-20
1.193214331480674300e+05 3.307094502600834127e-20
1.199180403138077381e+05 2.632016695839089605e-20
1.205176305153767753e+05 3.098401088709813853e-20
1.211202186679536535e+05 2.784109475962847352e-20
1.217258197612934018e+05 2.955656351238412801e-20
1.223344488600998739e+05 2.874347697900744611e-20
1.229461211044003576e+05 2.975771475541330692e-20
1.235608517099223391e+05 2.530322357055960305e-20
1.241786559684719250e+05 2.969887749550922725e-20
1.247995492483142880e+05 3.016237388332490091e-20
1.254235469945558580e+05 2.889804406964070488e-20
1.260506647295286239e+05 1.364533540113855310e-20
1.266809180531762540e+05 3.077125256595959328e-20
1.273143226434421231e+05 2.959391630442831393e-20
1.279508942566593178e+05 3.106186768620755013e-20
1.285906487279426074e+05 3.322774169878798115e-20
1.292336019715823059e+05 3.031567997634450483e-20
1.298797699814402004e+05 3.201439320801272366e-20
1.305291688313474006e+05 3.447555233112678442e-20
1.311818146755041380e+05 3.469097468577567186e-20
1.318377237488816609e+05 3.584628059076801898e-20
1.324969123676260351e+05 3.591091249883224643e-20
1.331593969294641574e+05 3.572291946217398279e-20
1.338251939141114708e+05 3.391056431767315870e-20
1.344943198836820084e+05 3.759297625095280380e-20
1.351667914831004164e+05 3.922495636181372868e-20
1.358426254405158979e+05 2.946593717333872298e-20
1.365218385677184560e+05 3.986047879188021277e-20
1.372044477605570282e+05 3.683631077679708587e-20
1.378904699993598042e+05 3.300526724886295661e-20
1.385799223493565805e+05 3.725441234891446927e-20
1.392728219611033564e+05 3.306605397726003309e-20
1.399691860709088505e+05 4.018903838352843137e-20
1.406690320012633747e+05 3.811109695174843129e-20
1.413723771612696873e+05 3.344149242028539264e-20
1.420792390470760292e+05 3.302411870751270254e-20
1.427896352423114004e+05 3.882738661229218539e-20
1.435035834185229323e+05 3.509336712988233678e-20
1.442211013356155308e+05 4.069163066805414762e-20
1.449422068422936136e+05 3.741316699356473257e-20
1.456669178765050601e+05 3.322878403921035079e-20
1.463952524658875773e+05 4.047759343106105918e-20
1.471272287282169855e+05 3.740493952299524149e-20
1.478628648718580662e+05 3.827102305864880203e-20
1.486021791962173302e+05 4.241004963218366679e-20
1.493451900921984052e+05 4.117051965626249515e-20
1.500919160426594026e+05 3.935273939952470697e-20
1.508423756228726706e+05 4.014055991627879412e-20
1.515965875009869924e+05 3.676998583315168778e-20
1.523545704384919372e+05 3.666114348124671160e-20
1.531163432906843955e+05 3.979428924566191274e-20
1.538819250071377901e+05 4.196786364899169436e-20
1.546513346321734425e+05 4.191520431477285792e-20
1.554245913053342956e+05 4.444901325709191369e-20
1.562017142618609359e+05 4.122777561617913450e-20
1.569827228331702354e+05 3.794805408638058214e-20
1.577676364473360591e+05 4.236178288994520026e-20
1.585564746295727091e+05 3.938278744935560360e-20
1.593492570027205220e+05 4.187679388562010520e-20
1.601460032877341146e+05 4.274691231800113118e-20
1.609467333041727543e+05 4.044272344211125980e-20
1.617514669706936111e+05 4.314056946900023894e-20
1.625602243055470753e+05 4.152332555915358273e-20
1.633730254270747828e+05 3.977914960660886928e-20
1.641898905542101420e+05 4.169199516823523057e-20
1.650108400069811614e+05 4.204746390925897868e-20
1.658358942070160701e+05 4.107625845119878681e-20
1.666650736780511215e+05 4.236985963099563566e-20
1.674983990464413655e+05 4.998636596766621359e-20
1.683358910416735744e+05 5.907297067929354862e-20
1.691775704968819045e+05 6.461230216725042903e-20
1.700234583493662940e+05 7.691959402353467113e-20
1.708735756411131297e+05 4.104807539504465678e-20
1.717279435193186800e+05 8.239997886548255302e-20
1.725865832369152340e+05 4.040456525664267204e-20
1.734495161530998012e+05 8.536297952769249824e-20
1.743167637338652858e+05 8.140267012893194453e-20
1.751883475525345712e+05 6.497994847866355916e-20
1.760642892902972526e+05 9.165409753882470405e-20
1.769446107367486984e+05 6.475010991564154271e-20
1.778293337904324289e+05 8.676651433662503449e-20
1.787184804593845620e+05 5.240576992046922948e-20
1.796120728616814886e+05 9.407371149830724008e-20
1.805101332259898481e+05 9.704649819802866788e-20
1.814126838921197923e+05 9.561906022050260676e-20
1.823197473115803441e+05 9.635221244466049262e-20
1.832313460481382499e+05 9.470798096812959950e-20
1.841475027783788973e+05 7.192622524161639864e-20
1.850682402922707843e+05 8.620907322017911159e-20
1.859935814937321702e+05 9.458028956385947127e-20
1.869235494012007548e+05 9.440359008127470238e-20
1.878581671482067904e+05 9.304251112503165731e-20
1.887974579839477956e+05 9.185159729200367265e-20
1.897414452738674590e+05 9.583926315195578551e-20
1.906901525002368144e+05 9.386566946894192227e-20
1.916436032627379755e+05 9.063808143012534971e-20
1.926018212790516263e+05 9.127627909344317994e-20
1.935648303854468686e+05 8.354296737459676422e-20
1.945326545373740955e+05 7.500916784251551785e-20
1.955053178100609512e+05 7.028968735834453193e-20
1.964828443991112872e+05 8.867454618667221583e-20
1.974652586211067974e+05 8.905098817622557361e-20
1.984525849142123479e+05 9.347319842018193039e-20
1.994448478387834039e+05 8.826341952660729585e-20
2.004420720779772964e+05 8.961722138235371461e-20
2.014442824383671395e+05 8.998329887198596989e-20
2.024515038505589473e+05 9.014807401220167184e-20
2.034637613698116911e+05 9.007410610918386832e-20
2.044810801766607328e+05 9.008077267496668070e-20
2.055034855775439646e+05 9.098241384788675566e-20
2.065310030054316740e+05 8.871003902648222684e-20
2.075636580204588245e+05 9.015826289706015737e-20
2.086014763105610909e+05 8.853867747263501976e-20
2.096444836921138631e+05 8.970249920405730586e-20
2.106927061105743924e+05 8.852155828770385761e-20
2.117461696411272860e+05 8.608613314040156043e-20
2.128049004893328529e+05 8.672115546554957155e-20
2.138689249917794950e+05 8.676015187568107430e-20
2.149382696167383983e+05 8.701942435200143417e-20
2.160129609648220357e+05 8.694944842453149039e-20
2.170930257696461631e+05 8.452118120009395023e-20
2.181784908984943759e+05 7.307654218222089590e-20
2.192693833529867989e+05 7.607734985054166011e-20
2.203657302697517443e+05 8.355552673847405448e-20
2.214675589211004553e+05 8.073555150091131817e-20
2.225748967157059524e+05 8.540460003557803326e-20
2.236877711992844706e+05 8.483760645455613059e-20
2.248062100552808261e+05 8.246564454816454466e-20
2.259302411055572156e+05 8.153490245819108923e-20
2.270598923110849864e+05 8.027654941577990926e-20
2.281951917726403917e+05 8.106188611000253189e-20
2.293361677315036068e+05 7.853045350944940979e-20
2.304828485701610916e+05 7.871239998468827604e-20
2.316352628130118828e+05 7.862234308924611157e-20
2.327934391270768829e+05 7.967170023275246612e-20
2.339574063227122533e+05 7.877187348704448116e-20
2.351271933543257765e+05 7.636734544199342295e-20
2.363028293210973789e+05 7.773866799004423132e-20
2.374843434677028272e+05 7.769550430833135546e-20
2.386717651850412949e+05 7.838356520046724979e-20
2.398651240109665086e+05 7.760693223783584775e-20
2.410644496310212999e+05 7.865052730978770629e-20
2.422697718791764055e+05 7.758009749334788428e-20
2.434811207385722373e+05 7.600513476645899509e-20
2.446985263422650751e+05 7.732780581146228552e-20
2.459220189739763737e+05 7.616932035261317787e-20
2.471516290688462323e+05 7.537508232955539991e-20
2.483873872141904139e+05 7.556908497775736487e-20
2.496293241502613528e+05 7.564414699699343929e-20
2.508774707710125949e+05 7.449441783927090175e-20
2.521318581248676637e+05 7.506074867176870356e-20
2.533925174154919805e+05 7.379457077828745404e-20
2.546594800025693839e+05 7.199984359408252451e-20
2.559327774025822291e+05 7.316945288408985023e-20
2.572124412895951245e+05 7.318178930375933586e-20
2.584985034960430348e+05 7.204616796527323455e-20
2.597909960135232250e+05 7.236381749331853564e-20
2.610899509935907845e+05 7.144789819877659334e-20
2.623954007485586917e+05 7.199727635514183026e-20
2.637073777523014578e+05 7.123511770586819863e-20
2.650259146410629619e+05 6.859086828116262985e-20
2.663510442142682150e+05 7.013391552964373465e-20
2.676827994353395188e+05 6.953800818843005605e-20
2.690212134325162042e+05 6.993020345237238651e-20
2.703663194996787352e+05 6.909131525950887152e-20
2.717181510971771204e+05 6.902687922038249491e-20
2.730767418526629917e+05 6.929950388844054959e-20
2.744421255619262811e+05 6.572693743335161364e-20
2.758143361897358554e+05 6.817420721771027598e-20
2.771934078706845175e+05 6.514804326143798586e-20
2.785793749100379064e+05 6.711464701355514880e-20
2.799722717845881125e+05 6.647197461942016653e-20
2.813721331435109605e+05 6.433323437015760354e-20
2.827789938092284719e+05 6.653075627436239286e-20
2.841928887782745878e+05 6.396586886238795942e-20
2.856138532221659552e+05 6.491312978858144954e-20
2.870419224882767303e+05 6.434611561319919424e-20
2.884771321007180959e+05 6.390160379616683056e-20
2.899195177612216212e+05 6.440943131172662896e-20
2.913691153500276851e+05 6.325997545671192484e-20
2.928259609267777996e+05 6.249836248270086371e-20
2.942900907314117067e+05 5.912588018304317323e-20
2.957615411850687233e+05 5.799801561422331987e-20
2.972403488909940352e+05 5.985020945850286925e-20
2.987265506354490062e+05 6.019177762310528400e-20
3.002201833886262029e+05 6.023554861469736182e-20
3.017212843055693083e+05 6.010047497273181583e-20
3.032298907270971104e+05 5.943617040091806254e-20
3.047460401807326125e+05 5.980780113485752726e-20
3.062697703816362191e+05 5.895694394560801804e-20
3.078011192335443920e+05 5.850599081263881382e-20
3.093401248297120328e+05 5.866104433052028759e-20
3.108868254538605688e+05 5.776979364566463859e-20
3.124412595811298816e+05 5.781036352590915756e-20
3.140034658790354733e+05 5.757780102952102363e-20
3.155734832084306399e+05 5.607162444611539795e-20
3.171513506244727760e+05 5.663926146736793686e-20
3.187371073775950936e+05 5.553222055411760014e-20
3.203307929144829977e+05 5.575901099184796752e-20
3.219324468790554092e+05 5.636875350625682740e-20
3.235421091134506278e+05 5.566136079812519627e-20
3.251598196590178995e+05 5.617137194457389273e-20
3.267856187573128846e+05 5.624277967842255496e-20
3.284195468510994688e+05 5.560966412856014813e-20
3.300616445853548939e+05 5.555860680478661724e-20
3.317119528082816396e+05 5.608225659498784376e-20
3.333705125723229721e+05 5.472834480573753900e-20
3.350373651351846056e+05 5.548569679328655719e-20
3.367125519608604372e+05 5.543245125686303134e-20
3.383961147206646856e+05 5.493480535141946006e-20
3.400880952942680451e+05 5.453558575520507383e-20
3.417885357707393123e+05 5.391941969918694619e-20
3.434974784495929489e+05 5.318638093797734480e-20
3.452149658418408944e+05 5.273815752439690608e-20
3.469410406710500829e+05 5.158497146883296653e-20
3.486757458744052565e+05 5.208317863425130643e-20
3.504191246037772507e+05 5.171744299605307522e-20
3.521712202267961111e+05 5.084995041981859160e-20
3.539320763279300299e+05 5.146773373054643711e-20
3.557017367095696973e+05 5.020934468859729996e-20
3.574802453931175405e+05 4.971155363493352582e-20
3.592676466200830182e+05 5.009004883498204504e-20
3.610639848531834432e+05 4.966925457832957971e-20
3.628693047774492879e+05 4.941315416420024389e-20
3.646836513013364747e+05 4.963815693501168452e-20
3.665070695578431478e+05 4.835488787722774449e-20
3.683396049056323245e+05 4.824796996351109393e-20
3.701813029301603674e+05 4.508400439421386196e-20
3.720322094448111602e+05 4.721011649610672411e-20
3.738923704920351738e+05 4.805569811192141779e-20
3.757618323444953421e+05 4.826593293771823028e-20
3.776406415062177111e+05 4.753383918766684050e-20
3.795288447137487819e+05 4.644649987085617243e-20
3.814264889373173937e+05 4.792689205602335338e-20
3.833336213820039993e+05 4.788880102463893709e-20
3.852502894889138988e+05 4.759389315786981887e-20
3.871765409363585059e+05 4.571026733284956853e-20
3.891124236410402809e+05 4.483450718638005488e-20
3.910579857592454064e+05 4.566144493675373658e-20
3.930132756880415254e+05 4.455263009253394897e-20
3.949783420664817677e+05 4.587405458100883168e-20
3.969532337768140715e+05 4.552796890101896970e-20
3.989379999456980731e+05 4.152014203142587098e-20
4.009326899454265949e+05 4.511590157236641464e-20
4.029373533951537102e+05 4.494036928063424275e-20
4.049520401621293277e+05 4.134153206300345433e-20
4.069768003629399464e+05 4.408423327666800875e-20
4.090116843647545902e+05 4.369708831382837508e-20
4.110567427865783684e+05 4.395157479383851775e-20
4.131120265005112160e+05 4.319123769954447879e-20
4.151775866330136778e+05 3.868250621722958736e-20
4.172534745661787456e+05 4.209237076251229426e-20
4.193397419390096329e+05 4.213858223333361403e-20
4.214364406487045926e+05 4.173471519397961491e-20
4.235436228519480792e+05 4.131194758106216729e-20
4.256613409662078484e+05 4.100924152584077601e-20
4.277896476710388670e+05 4.033471889283795510e-20
4.299285959093939746e+05 3.810577116611613297e-20
4.320782388889408903e+05 4.005690103904635755e-20
4.342386300833855639e+05 3.965940447456690221e-20
4.364098232338024536e+05 3.947605860936711237e-20
4.385918723499714397e+05 3.887824774355862271e-20
4.407848317117212573e+05 3.881616124933502541e-20
4.429887558702797978e+05 3.862657376122057160e-20
4.452036996496311622e+05 3.822793705070799191e-20
4.474297181478792336e+05 3.797745738238696281e-20
4.496668667386185843e+05 3.723170970245786320e-20
4.519152010723116109e+05 3.596534001245139420e-20
4.541747770776732359e+05 3.595408146643770226e-20
4.564456509630615474e+05 3.617054924498197449e-20
4.587278792178767617e+05 3.580143070056258390e-20
4.610215186139661237e+05 3.573088242871765218e-20
4.633266262070358498e+05 3.561367012797659368e-20
4.656432593380711041e+05 3.523265371075906873e-20
4.679714756347613875e+05 3.453295567476479379e-20
4.703113330129351234e+05 3.434655328903930672e-20
4.726628896779997740e+05 3.410506410156519299e-20
4.750262041263898136e+05 3.381276490823244820e-20
4.774013351470216876e+05 3.360244786954661250e-20
4.797883418227566872e+05 3.292875723905031941e-20
4.821872835318704019e+05 3.281463641145993093e-20
4.845982199495297391e+05 3.261681557318149603e-20
4.870212110492773354e+05 3.196716375557765299e-20
4.894563171045237104e+05 3.104062687457636887e-20
4.919035986900462303e+05 2.996400503556572838e-20
4.943631166834963369e+05 2.984970525380984061e-20
4.968349322669138201e+05 3.005879406601980830e-20
4.993191069282483659e+05 3.002018908526578022e-20
5.018157024628895451e+05 2.999616191369521102e-20
5.043247809752039029e+05 2.988112328914886571e-20
5.068464048800799064e+05 2.949664453803450890e-20
5.093806369044802850e+05 2.901453300938420312e-20
5.119275400890026358e+05 2.860395388908195735e-20
5.144871777894476545e+05 2.813467988558879185e-20
5.170596136783948168e+05 2.858268495624888256e-20
5.196449117467867327e+05 2.831667591156263573e-20
5.222431363055206020e+05 2.809163833761359440e-20
5.248543519870481687e+05 2.756265202837585807e-20
5.274786237469832413e+05 2.711907505395885040e-20
5.301160168657181785e+05 2.691264227613732729e-20
5.327665969500467181e+05 2.659346245078834140e-20
5.354304299347968772e+05 2.645203183359120897e-20
5.381075820844708942e+05 2.560778796999062057e-20
5.407981199948930880e+05 2.599994985253917908e-20
5.435021105948674958e+05 2.509640259255197168e-20
5.462196211478417972e+05 2.538055345190694448e-20
5.489507192535809008e+05 2.548173557573448585e-20
5.516954728498487966e+05 2.510264272225492006e-20
5.544539502140979748e+05 2.459202209006712014e-20
5.572262199651683914e+05 2.463230008202165549e-20
5.600123510649941163e+05 2.409147330405954939e-20
5.628124128203190630e+05 2.394704493979281283e-20
5.656264748844205169e+05 2.367282361160995032e-20
5.684546072588425595e+05 2.373783752928024250e-20
5.712968802951368270e+05 2.357050495290009637e-20
5.741533646966123488e+05 2.309733227512773027e-20
5.770241315200953977e+05 2.217259192517353252e-20
5.799092521776958602e+05 2.293044600023799902e-20
5.828087984385843156e+05 2.279041513235559970e-20
5.857228424307771493e+05 2.287422601646961620e-20
5.886514566429309780e+05 2.241448831186287823e-20
5.915947139261454577e+05 2.224066125377801418e-20
5.945526874957762193e+05 2.209215103977179173e-20
5.975254509332550224e+05 2.167322006872481914e-20
6.005130781879212009e+05 2.142291583932757097e-20
6.035156435788607923e+05 2.164959779490933386e-20
6.065332217967549805e+05 2.158482702399868027e-20
6.095658879057386657e+05 2.121545748558315210e-20
6.126137173452673014e+05 2.079587368385426509e-20
6.156767859319936251e+05 2.091795570040199202e-20
6.187551698616534704e+05 2.069082257875500503e-20
6.218489457109617069e+05 2.062986824000085325e-20
6.249581904395164456e+05 2.044272032426872888e-20
6.280829813917139545e+05 1.997368911254285942e-20
6.312233962986724218e+05 1.993830864617349943e-20
6.343795132801657310e+05 1.915211758291158388e-20
6.375514108465665486e+05 1.911589408151033060e-20
6.407391679007993080e+05 1.930222360096091891e-20
6.439428637403033208e+05 1.900142100576162711e-20
6.471625780590046197e+05 1.916513915835694844e-20
6.503983909492995590e+05 1.859658065621626383e-20
6.536503829040459823e+05 1.824817494106340262e-20
6.569186348185660318e+05 1.853938343680240625e-20
6.602032279926589690e+05 1.794116173983034519e-20
6.635042441326221451e+05 1.789073937645109761e-20
6.668217653532851255e+05 1.810705638650677383e-20
6.701558741800514981e+05 1.792656846134585953e-20
6.735066535509517416e+05 1.794653323115365262e-20
6.768741868187063374e+05 1.758962919975618844e-20
6.802585577527998248e+05 1.721194883835202715e-20
6.836598505415638210e+05 1.787206867102278990e-20
6.870781497942715650e+05 1.762848703054903739e-20
6.905135405432428233e+05 1.709507003935925994e-20
6.939661082459590398e+05 1.729412597532093809e-20
6.974359387871888466e+05 1.707706743348611365e-20
7.009231184811245184e+05 1.674651590042719635e-20
7.044277340735301841e+05 1.697789623132902776e-20
7.079498727438977221e+05 1.662272849179639837e-20
7.114896221076172078e+05 1.637482187273694788e-20
7.150470702181552770e+05 1.662691011998792151e-20
7.186223055692459457e+05 1.670459990309564793e-20
7.222154170970920241e+05 1.649778128771598254e-20
7.258264941825774731e+05 1.617022170633563606e-20
7.294556266534901224e+05 1.597045170882896350e-20
7.331029047867575428e+05 1.622493685786694970e-20
7.367684193106914172e+05 1.603928660849607020e-20
7.404522614072447177e+05 1.581366623216800543e-20
7.441545227142807562e+05 1.544343429144002590e-20
7.478752953278520145e+05 1.537391393797807796e-20
7.516146718044914305e+05 1.585897112848804981e-20
7.553727451635135803e+05 1.498189832437234983e-20
7.591496088893311098e+05 1.506741442100542222e-20
7.629453569337776862e+05 1.519808017575772893e-20
7.667600837184465490e+05 1.489047241492225707e-20
7.705938841370387236e+05 1.506206458262633449e-20
7.744468535577238072e+05 1.457227444108110474e-20
7.783190878255123971e+05 1.428258660533722138e-20
7.822106832646399271e+05 1.421876732836567727e-20
7.861217366809630767e+05 1.394962944977289500e-20
7.900523453643675894e+05 1.428531073525395382e-20
7.940026070911893621e+05 1.365679514519559657e-20
7.979726201266451972e+05 1.325212939684907651e-20
8.019624832272783387e+05 1.362204989999750405e-20
8.059722956434146035e+05 1.230107432508291966e-20
8.100021571216314333e+05 1.298806204841312565e-20
8.140521679072395200e+05 1.271214103137992269e-20
8.181224287467757240e+05 1.246215060904319140e-20
8.222130408905094955e+05 1.162454484805457790e-20
8.263241060949617531e+05 1.130414172404169665e-20
8.304557266254364513e+05 1.219026061263275376e-20
8.346080052585636731e+05 1.198353675600104238e-20
8.387810452848563436e+05 1.141274005318060216e-20
8.429749505112804472e+05 1.100038443008071437e-20
8.471898252638368867e+05 1.110447215649066099e-20
8.514257743901559152e+05 1.070958052538656640e-20
8.556829032621067017e+05 1.138520933061223743e-20
8.599613177784171421e+05 1.098414800344594900e-20
8.642611243673092686e+05 1.083899593381285958e-20
8.685824299891456030e+05 1.107918485211952518e-20
8.729253421390913427e+05 1.010445493337300117e-20
8.772899688497866737e+05 1.012320455138617063e-20
8.816764186940354994e+05 1.046036259336182832e-20
8.860848007875056937e+05 1.039817568023090791e-20
8.905152247914429754e+05 9.458127462569788584e-21
8.949678009154001484e+05 9.843923712264486294e-21
8.994426399199770531e+05 9.402631118585898868e-21
9.039398531195766991e+05 9.882194817455222517e-21
9.084595523851744365e+05 9.748131163911370313e-21
9.130018501471001655e+05 9.247276000042152503e-21
9.175668593978356803e+05 8.827113271074693760e-21
9.221546936948248185e+05 8.874838149248938040e-21
9.267654671632987447e+05 8.515979238456792149e-21
9.313992944991150871e+05 8.413093190472201584e-21
9.360562909716105787e+05 8.624929195161778226e-21
9.407365724264684832e+05 8.675685620249375389e-21
9.454402552886006888e+05 8.346679130418277915e-21
9.501674565650435397e+05 8.321547502950972138e-21
9.549182938478688011e+05 8.179595961167926873e-21
9.596928853171080118e+05 8.120356446473969525e-21
9.644913497436933685e+05 7.796540266065854106e-21
9.693138064924117643e+05 7.862923425294466956e-21
9.741603755248736124e+05 7.573789251332655387e-21
9.790311774024979677e+05 7.376280854108270624e-21
9.839263332895103376e+05 7.152531529007187718e-21
9.888459649559577229e+05 6.833468206483991738e-21
9.937901947807375109e+05 6.631603994801680927e-21
9.987591457546411548e+05 6.850105802892608521e-21
1.003752941483414150e+06 6.916944103944484543e-21
1.008771706190831144e+06 6.875965819648627914e-21
1.013815564721785020e+06 6.522463820354140688e-21
1.018884642545393901e+06 6.403231317727605565e-21
1.023979065758120851e+06 6.318538186145574736e-21
1.029098961086911382e+06 6.106660363269232341e-21
1.034244455892345868e+06 6.133225838466875419e-21
1.039415678171807551e+06 6.556141740944472271e-21
1.044612756562666502e+06 5.736780344862626857e-21
1.049835820345479762e+06 6.370862502412091387e-21
1.055084999447206967e+06 5.830438766031693507e-21
1.060360424444442848e+06 5.524199013333531626e-21
1.065662226566664875e+06 5.870417781511201848e-21
1.070990537699498003e+06 5.360972001424157473e-21
1.076345490387995495e+06 5.626937631692585091e-21
1.081727217839935329e+06 5.390685293325480666e-21
1.087135853929135017e+06 4.770597153193288388e-21
1.092571533198780613e+06 4.779842242142163094e-21
1.098034390864774352e+06 4.737821481678572919e-21
1.103524562819098122e+06 4.513365918726570644e-21
1.109042185633193469e+06 4.448257661645623071e-21
1.114587396561359288e+06 4.137199613354463208e-21
1.120160333544165827e+06 3.944774105933429569e-21
1.125761135211886605e+06 3.917929450176947248e-21
1.131389940887945937e+06 3.747700474529155858e-21
1.137046890592385549e+06 3.817809020269417438e-21
1.142732125045347260e+06 3.717353039237946982e-21
1.148445785670574056e+06 3.820202229041705244e-21
1.154188014598926762e+06 3.771255700052283010e-21
1.159958954671921209e+06 3.867737833802476589e-21
1.165758749445280759e+06 3.794135507290280037e-21
1.171587543192507001e+06 3.937200808524872808e-21
1.177445480908469297e+06 3.843759610286200804e-21
1.183332708313011564e+06 4.048298267662015674e-21
1.189249371854576515e+06 3.833187861728464426e-21
1.195195618713849224e+06 4.015660230740196338e-21
1.201171596807418158e+06 3.918014287528351670e-21
1.207177454791455297e+06 3.604101339009857862e-21
1.213213342065412318e+06 3.802254477614536781e-21
1.219279408775739372e+06 3.659805989613337317e-21
1.225375805819617817e+06 3.923181584756359651e-21
1.231502684848715784e+06 3.909463116079533328e-21
1.237660198272959329e+06 3.833449699158285094e-21
1.243848499264324084e+06 3.659393090593763245e-21
1.250067741760645527e+06 3.752260719877196840e-21
1.256318080469448585e+06 3.781352888776791145e-21
1.262599670871795621e+06 3.589871888040996739e-21
1.268912669226154452e+06 3.602400867090684754e-21
1.275257232572285226e+06 3.371861600665618548e-21
1.281633518735146616e+06 3.132197816118389996e-21
1.288041686328822048e+06 3.394326361042398420e-21
1.294481894760466181e+06 3.251202302314611352e-21
1.300954304234268377e+06 3.068957913467584408e-21
1.307459075755439466e+06 3.125783498294192124e-21
1.313996371134216664e+06 2.837309331140172736e-21
1.320566352989887586e+06 2.751118170561398445e-21
1.327169184754836606e+06 2.578061607655391371e-21
1.333805030678610783e+06 2.500505773729279098e-21
1.340474055832003709e+06 2.415511603019328224e-21
1.347176426111163804e+06 2.352379789269570917e-21
1.353912308241719380e+06 2.320681407218631690e-21
1.360681869782927912e+06 2.264134432917889263e-21
1.367485279131842311e+06 2.221962917690037846e-21
1.374322705527501646e+06 2.211667298627407582e-21
1.381194319055138854e+06 2.191889569152793149e-21
1.388100290650414303e+06 2.159568256967293332e-21
1.395040792103666114e+06 2.136546681174865413e-21
1.402015996064184699e+06 2.108363310342009590e-21
1.409026076044505229e+06 2.071707771297719836e-21
1.416071206424727570e+06 2.054157015309909684e-21
1.423151562456851359e+06 2.024907556568857789e-21
1.430267320269135293e+06 2.024984612520235428e-21
1.437418656870480627e+06 2.041710856367632207e-21
1.444605750154832844e+06 2.047283370943646719e-21
1.451828778905606829e+06 2.094963233459223905e-21
1.459087922800134867e+06 2.228360180838334076e-21
1.466383362414135132e+06 2.611623807729661922e-21
1.473715279226205545e+06 3.197303691626474946e-21
1.481083855622336501e+06 3.614269033235357691e-21
1.488489274900448276e+06 3.971219902056636615e-21
1.495931721274950309e+06 3.194054575008649186e-21
1.503411379881324712e+06 2.381103833244061194e-21
1.510928436780731194e+06 2.216938462171003111e-21
1.518483078964634566e+06 2.000343254295503932e-21
1.526075494359457167e+06 1.952291453950419130e-21
1.533705871831254568e+06 1.946266652487035087e-21
1.541374401190410368e+06 1.953701396672911454e-21
1.549081273196362425e+06 1.933045467042242764e-21
1.556826679562343983e+06 1.830228287164323353e-21
1.564610812960155541e+06 1.815271714888858038e-21
1.572433867024956504e+06 1.733617925760193060e-21
1.580296036360081052e+06 1.737702365145650074e-21
1.588197516541881254e+06 1.689369922431944591e-21
1.596138504124590661e+06 1.602382557637262407e-21
1.604119196645213524e+06 1.629320590578238917e-21
1.612139792628439143e+06 1.592131000193013995e-21
1.620200491591581143e+06 1.585439814896522228e-21
1.628301494049538858e+06 1.525489452692443755e-21
1.636443001519786427e+06 1.462408300734189707e-21
1.644625216527385172e+06 1.417155294894481826e-21
1.652848342610021587e+06 1.390085529597854131e-21
1.661112584323071642e+06 1.332637899227321314e-21
1.669418147244686726e+06 1.287824509763728006e-21
1.677765237980910111e+06 1.250120422836755245e-21
1.686154064170814585e+06 1.186103072559598304e-21
1.694584834491668502e+06 1.157035898290897159e-21
1.703057758664126741e+06 1.132294011690561375e-21
1.711573047457447043e+06 1.107630977790374566e-21
1.720130912694734056e+06 1.076682982049968739e-21
1.728731567258207593e+06 1.063037995576289456e-21
1.737375225094498601e+06 1.045696435117325956e-21
1.746062101219971199e+06 1.029678125746834007e-21
1.754792411726070801e+06 1.012269658468914490e-21
1.763566373784700641e+06 1.006186338613429799e-21
1.772384205653624143e+06 1.000736585093636604e-21
1.781246126681892201e+06 9.936837344166401748e-22
1.790152357315301429e+06 9.868235676395504430e-22
1.799103119101877790e+06 9.711237089992763704e-22
1.808098634697386995e+06 9.540638995615367336e-22
1.817139127870873781e+06 9.615741917446902357e-22
1.826224823510227958e+06 9.654364157243296196e-22
1.835355947627778864e+06 9.593408648336947851e-22
1.844532727365917526e+06 9.670343539272578938e-22
1.853755391002746765e+06 9.561514812177876418e-22
1.863024167957760161e+06 9.114130719951009330e-22
1.872339288797548739e+06 8.973481876143010094e-22
1.881700985241536750e+06 9.217309814736483353e-22
1.891109490167743992e+06 9.046308987988899139e-22
1.900565037618582603e+06 9.087144265644169063e-22
1.910067862806675257e+06 9.085207924615228324e-22
1.919618202120708534e+06 8.990259098889561028e-22
1.929216293131311890e+06 8.621922438244081087e-22
1.938862374596968060e+06 8.270353694051806072e-22
1.948556686469952576e+06 8.066080469422285157e-22
1.958299469902302371e+06 7.539862873548009686e-22
1.968090967251813505e+06 7.319673711917566421e-22
1.977931422088072170e+06 7.144236812327910778e-22
1.987821079198512714e+06 7.272905804725763613e-22
1.997760184594505001e+06 7.220556330101295546e-22
2.007748985517477617e+06 6.927111037811023227e-22
2.017787730445064604e+06 6.941979669689720888e-22
2.027876669097289443e+06 6.855486418073733953e-22
2.038016052442776039e+06 6.465271553858310804e-22
2.048206132704989519e+06 6.071203839156659869e-22
2.058447163368514273e+06 5.896304701273425518e-22
2.068739399185356451e+06 5.835194324266408754e-22
2.079083096181282774e+06 5.801596381373917281e-22
2.089478511662188917e+06 5.794132426068156192e-22
2.099925904220500030e+06 5.656092435632168971e-22
2.110425533741601743e+06 5.458755709103780197e-22
2.120977661410309840e+06 5.458209009563126235e-22
2.131582549717361573e+06 5.531163533457833881e-22
2.142240462465947960e+06 5.432704347782463478e-22
2.152951664778277278e+06 5.298580153474464953e-22
2.163716423102168366e+06 5.155675665371683159e-22
2.174535005217679311e+06 5.129326692540736822e-22
2.185407680243766867e+06 5.039058493431970829e-22
2.196334718644985929e+06 4.983288822941894933e-22
2.207316392238210421e+06 4.900300028776816783e-22
2.218352974199401680e+06 4.837384844277447378e-22
2.229444739070398267e+06 4.671112061216702706e-22
2.240591962765750010e+06 4.591761803838308623e-22
2.251794922579578590e+06 4.633105481848674099e-22
2.263053897192476317e+06 4.562702266775375557e-22
2.274369166678438429e+06 4.459310084583572875e-22
2.285741012511830311e+06 4.477941543694677717e-22
2.297169717574389186e+06 4.531998292579320716e-22
2.308655566162260715e+06 4.564298353215818911e-22
2.320198843993071467e+06 4.641203981724712754e-22
2.331799838213036768e+06 4.728881187239081280e-22
2.343458837404101621e+06 4.800737905420554558e-22
2.355176131591122132e+06 4.915208027260594373e-22
2.366952012249077205e+06 4.915198714866991280e-22
2.378786772310322616e+06 4.829075866112114349e-22
2.390680706171873957e+06 4.660075903217354901e-22
2.402634109702733345e+06 4.456741882915712706e-22
2.414647280251246877e+06 4.340210012893743837e-22
2.426720516652502585e+06 4.239776820442181272e-22
2.438854119235764723e+06 4.229668661292931301e-22
2.451048389831943437e+06 4.219345674944143880e-22
2.463303631781102624e+06 4.233100481623914143e-22
2.475620149940008298e+06 4.257135377350997162e-22
2.487998250689707696e+06 4.363522687875117339e-22
2.500438241943155881e+06 4.498116622892599109e-22
2.512940433152871672e+06 4.628247625521820262e-22
2.525505135318635963e+06 4.850370734609766492e-22
2.538132660995228682e+06 5.130497558764750159e-22
2.550823324300204404e+06 5.285236904788454791e-22
2.563577440921705216e+06 5.465492401344995191e-22
2.576395328126313165e+06 5.303248052352934702e-22
2.589277304766944610e+06 5.083168541979640089e-22
2.602223691290779505e+06 4.876413451621497920e-22
2.615234809747233056e+06 4.700673644405176249e-22
2.628310983795968816e+06 4.625097215313953933e-22
2.641452538714948576e+06 4.573956801843252409e-22
2.654659801408522762e+06 4.579113955421840196e-22
2.667933100415565539e+06 4.653602505992408606e-22
2.681272765917642973e+06 4.847451826931226059e-22
2.694679129747231025e+06 5.185401415093317849e-22
2.708152525395967066e+06 5.609964371558310934e-22
2.721693288022946101e+06 6.476475062426961165e-22
2.735301754463061225e+06 7.426911883558331147e-22
2.748978263235376216e+06 9.276616118617626062e-22
2.762723154551552609e+06 1.132328801794422145e-21
2.776536770324310288e+06 1.420377972794507712e-21
2.790419454175931402e+06 1.603940772332545124e-21
2.804371551446811296e+06 1.583104925934751747e-21
2.818393409204044845e+06 1.431428833147011426e-21
2.832485376250064466e+06 1.142275756469921947e-21
2.846647803131314460e+06 9.310160741230263552e-22
2.860881042146970984e+06 7.653075646027041771e-22
2.875185447357705794e+06 6.694332714553701898e-22
2.889561374594493769e+06 5.871522207240141501e-22
2.904009181467466056e+06 5.516826849055142747e-22
2.918529227374802344e+06 5.202152532360440094e-22
2.933121873511676211e+06 5.113051166116688267e-22
2.947787482879234478e+06 5.037459202673588975e-22
2.962526420293630101e+06 5.035828435189049022e-22
2.977339052395098377e+06 5.048663952814297691e-22
2.992225747657073662e+06 5.099443471165601938e-22
3.007186876395358238e+06 5.119823090899110269e-22
3.022222810777334496e+06 5.094622842362938395e-22
3.037333924831221346e+06 5.044367396667543450e-22
3.052520594455377199e+06 4.971201416647130653e-22
3.067783197427653242e+06 4.916223595930038748e-22
3.083122113414791413e+06 4.858701958935611502e-22
3.098537723981865682e+06 4.832490278782700800e-22
3.114030412601775024e+06 4.823799521999638736e-22
3.129600564664783422e+06 4.878428729852604297e-22
3.145248567488106899e+06 4.964121465906604883e-22
3.160974810325546190e+06 5.088649912753947198e-22
3.176779684377173427e+06 5.251930952544443688e-22
3.192663582799058408e+06 5.461649113834649125e-22
3.208626900713054463e+06 5.719330677431426329e-22
3.224670035216619261e+06 6.021820030699902897e-22
3.240793385392702185e+06 6.406439837439888319e-22
3.256997352319665253e+06 6.821053187024685019e-22
3.273282339081263635e+06 7.354264727405424065e-22
3.289648750776669476e+06 7.928765167517098049e-22
3.306096994530552998e+06 8.690414715797411450e-22
3.322627479503205046e+06 9.562739721412784271e-22
3.339240616900720634e+06 1.070272467837637705e-21
3.355936819985223934e+06 1.203612589116712723e-21
3.372716504085148685e+06 1.359781345436787756e-21
3.389580086605574470e+06 1.503408878340370801e-21
3.406527987038602121e+06 1.635771008171131222e-21
3.423560626973794308e+06 1.679965349934814254e-21
3.440678430108663160e+06 1.686531923335703837e-21
3.457881822259206790e+06 1.645108669894599115e-21
3.475171231370502152e+06 1.597074086615117672e-21
3.492547087527354248e+06 1.570228735314565084e-21
3.510009822964990046e+06 1.539345648934826389e-21
3.527559872079814784e+06 1.482786039276007501e-21
3.545197671440213453e+06 1.406038749158006462e-21
3.562923659797414206e+06 1.286318201638481460e-21
3.580738278096401133e+06 1.160977220364522981e-21
3.598641969486882910e+06 1.029239516534931855e-21
3.616635179334317334e+06 9.174173986036530338e-22
3.634718355230988003e+06 8.177665296027656419e-22
3.652891947007142939e+06 7.466251591160509010e-22
3.671156406742178369e+06 6.838493354463116780e-22
3.689512188775888644e+06 6.477870114495254010e-22
3.707959749719767831e+06 6.150322535174664839e-22
3.726499548468366265e+06 6.001705978990184985e-22
3.745132046210707631e+06 5.884491685424148453e-22
3.763857706441760994e+06 5.881332592510783821e-22
3.782676994973969646e+06 5.952222013777335627e-22
3.801590379948839080e+06 6.149174574523515261e-22
3.820598331848582719e+06 6.464961348070649626e-22
3.839701323507824447e+06 6.884645479170907760e-22
3.858899830125363078e+06 7.040303964625270075e-22
3.878194329275989905e+06 7.082842009003955625e-22
3.897585300922370050e+06 6.518204653271836902e-22
3.917073227426981553e+06 5.852060387021394635e-22
3.936658593564115465e+06 5.165267209667952622e-22
3.956341886531936005e+06 4.514265275651675566e-22
3.976123595964595675e+06 4.066636363726837599e-22
3.996004213944417890e+06 3.669958479365404192e-22
4.015984235014139675e+06 3.393696164586188250e-22
4.036064156189209782e+06 3.216509805624922456e-22
4.056244476970155258e+06 2.992167765048642033e-22
4.076525699355005752e+06 2.848355079158765959e-22
4.096908327851780225e+06 2.728699297316281214e-22
4.117392869491038844e+06 2.636007558562015786e-22
4.137979833838493098e+06 2.555679282089718187e-22
4.158669733007685281e+06 2.501365066835727535e-22
4.179463081672722939e+06 2.446987073687736508e-22
4.200360397081086412e+06 2.391132465381984036e-22
4.221362199066491798e+06 2.340384774076558884e-22
4.242469010061823763e+06 2.295456612430060141e-22
4.263681355112132616e+06 2.260388926985453765e-22
4.284999761887692846e+06 2.229842589291185639e-22
4.306424760697131045e+06 2.194301755311793010e-22
4.327956884500616230e+06 2.163734035102596008e-22
4.349596668923119083e+06 2.129207799028281357e-22
4.371344652267733589e+06 2.103476354458207917e-22
4.393201375529071316e+06 2.086330616021072242e-22
4.415167382406716235e+06 2.063636351940165095e-22
4.437243219318749383e+06 2.050304729604706677e-22
4.459429435415342450e+06 2.033664434937121250e-22
4.481726582592419349e+06 2.014659439394835498e-22
4.504135215505381115e+06 1.998895283974593172e-22
4.526655891582907178e+06 1.991793734318671743e-22
4.549289171040820889e+06 1.987214582046124060e-22
4.572035616896023974e+06 1.985288855510607129e-22
4.594895794980503619e+06 1.986590628846285496e-22
4.617870273955405690e+06 1.989902996430425055e-22
4.640959625325182453e+06 1.997702609399462411e-22
4.664164423451807350e+06 2.007061697330064069e-22
4.687485245569066145e+06 2.024741777646131385e-22
4.710922671796911396e+06 2.044355573712476888e-22
4.734477285155895166e+06 2.077859397108859175e-22
4.758149671581674367e+06 2.116989186438313502e-22
4.781940419939581305e+06 2.174968988704686864e-22
4.805850122039278969e+06 2.242105737797376038e-22
4.925996375090260990e+06 3.111022824356332060e-22
5.049146284467516467e+06 9.598782852163153906e-22
5.175374941579204053e+06 5.181359554854409038e-22
5.304759315118683502e+06 3.746877615388685660e-22
5.437378297996650450e+06 3.969498437121439930e-22
5.573312755446566269e+06 4.074023386023383541e-22
5.712645574332728982e+06 4.604831903492902545e-22
5.855461713691047393e+06 2.771197364981959473e-22
6.001848256533323787e+06 2.392809383638532368e-22
6.151894462946655229e+06 2.229721079463935593e-22
6.305691824520321563e+06 1.972737399956257299e-22
6.463334120133328252e+06 1.868076762662054185e-22
6.624917473136661574e+06 1.711490421215125327e-22
6.790540409965078346e+06 1.699652206610030531e-22
6.960303920214204118e+06 1.754982747672758585e-22
7.134311518219558522e+06 2.013599722995284466e-22
7.312669306175046600e+06 2.209573072476882830e-22
7.495486038829422556e+06 2.455024624074723505e-22
7.682873189800158143e+06 2.545339427775134191e-22
7.874945019545162097e+06 2.291185730613014175e-22
8.071818645033790730e+06 1.948270852206572570e-22
8.273614111159634776e+06 1.702720296647707999e-22
8.480454463938625529e+06 1.668133422961553314e-22
8.692465825537091121e+06 1.550689242958063808e-22
8.909777471175516024e+06 1.486823983977150214e-22
9.132521907954903319e+06 1.437330760711365037e-22
9.360834955653775483e+06 1.397634172850018483e-22
9.594855829545121640e+06 1.362622413812853200e-22
9.834727225283749402e+06 1.332781091634784946e-22
1.008059540591584146e+07 1.306594862377197810e-22
1.033261029106373526e+07 1.284489939855510845e-22
1.059092554834032804e+07 1.267793166009221500e-22
1.085569868704883568e+07 1.254871361023032904e-22
1.112709115422505699e+07 1.245931231805639455e-22
1.140526843308068067e+07 1.240480634194206322e-22
1.169040014390769973e+07 1.238976756745113525e-22
1.198266014750538766e+07 1.241574313347417772e-22
1.228222665119302273e+07 1.247312978005903904e-22
1.258928231747284718e+07 1.256569134367346535e-22
1.290401437540966831e+07 1.268563656376060508e-22
1.322661473479490913e+07 1.283005867481152249e-22
1.355728010316478088e+07 1.298598002982140398e-22
1.389621210574389994e+07 1.314692581988420504e-22
1.424361740838749520e+07 1.330477845362320119e-22
1.459970784359717928e+07 1.345350125628493492e-22
1.496470053968710825e+07 1.366406982273868559e-22
1.533881805317928270e+07 1.369181619075570150e-22
1.572228850450876355e+07 1.381004579299816214e-22
1.611534571712148190e+07 1.385305513819867553e-22
1.651822936004951596e+07 1.389660196230290917e-22
1.693118509405075386e+07 1.392738905453229546e-22
1.735446472140201926e+07 1.394761673743540878e-22
1.778832633943707123e+07 1.395895241410210899e-22
1.823303449792299420e+07 1.397732486555813802e-22
1.868886036037106812e+07 1.400716831810448365e-22
1.915608186938033998e+07 1.406007555347183763e-22
1.963498391611484811e+07 1.413553156857169048e-22
2.012585851401771978e+07 1.424771464015006047e-22
2.062900497686816007e+07 1.439698027638965196e-22
2.114473010128986463e+07 1.458998802638207719e-22
2.167334835382210463e+07 1.482786499292141397e-22
2.221518206266765296e+07 1.511752478783813661e-22
2.277056161423434317e+07 1.545608473755921948e-22
2.333982565459020436e+07 1.588563822045453377e-22
2.392332129595495388e+07 1.630144983326611711e-22
2.452140432835382968e+07 1.679965077348573575e-22
2.513443943656266481e+07 1.734726871383234065e-22
2.576280042247673497e+07 1.794760796730754804e-22
2.640687043303865194e+07 1.859123598474996761e-22
2.706704219386460632e+07 1.927782863241941053e-22
2.774371824871122092e+07 1.998928044054702848e-22
2.843731120492900163e+07 2.074213430494986832e-22
2.914824398505222425e+07 2.151170565340433436e-22
2.987695008467852697e+07 2.229574588180501732e-22
3.062387383679548278e+07 2.309383326778875599e-22
3.138947068271536753e+07 2.388737401497395748e-22
3.217420744978325441e+07 2.467821234781513491e-22
3.297856263602782786e+07 2.546144942805449015e-22
3.380302670192852616e+07 2.621384059653418632e-22
3.464810236947673559e+07 2.692615463705393338e-22
3.551430492871364951e+07 2.760675721838283041e-22
3.640216255193148553e+07 2.823330092410200777e-22
3.731221661572977155e+07 2.881112691830180188e-22
3.824502203112301230e+07 2.933505642998965337e-22
3.920114758190108091e+07 2.979265348270248561e-22
4.018117627144860476e+07 3.019660741502155056e-22
4.118570567823481560e+07 3.050020352877245196e-22
4.221534832019068301e+07 3.074282079682752016e-22
4.327073202819544822e+07 3.090033557864738143e-22
4.435250032890032977e+07 3.097784946737081906e-22
4.546131283712283522e+07 3.097887777405982625e-22
4.659784565805089474e+07 3.089345418046603148e-22
4.776279179950217903e+07 3.073466899367274871e-22
4.895686159448973089e+07 3.051186977754957049e-22
5.018078313435196877e+07 3.022364945660007169e-22
5.143530271271076053e+07 2.988905557842622935e-22
5.272118528052853048e+07 2.951755856058768139e-22
5.403921491254173964e+07 2.909490103813065689e-22
5.539019528535528481e+07 2.865144517591202508e-22
5.677495016748916358e+07 2.819649012421261850e-22
5.819432392167638987e+07 2.773960998780597817e-22
5.964918201971828938e+07 2.726920640116990299e-22
6.114041157021123916e+07 2.672595019880624578e-22
6.266892185946651548e+07 2.597522063234659719e-22
6.423564490595317632e+07 2.493883737539559434e-22
6.584153602860200405e+07 2.373783652811257020e-22
6.748757442931704223e+07 2.250809855546552507e-22
6.917476379004997015e+07 2.131216378738830983e-22
7.090413288480119407e+07 2.016285658855397589e-22
7.267673620692121983e+07 1.905223862871667417e-22
7.449365461209425330e+07 1.798075621239454413e-22
7.635599597739660740e+07 1.694599707136379408e-22
7.826489587683150172e+07 1.594748245950835903e-22
8.022151827375227213e+07 1.497759193556839292e-22
8.222705623059606552e+07 1.404406075545519472e-22
8.428273263636097312e+07 1.314544479027636205e-22
8.638980095226997137e+07 1.227732439804685892e-22
8.854954597607672215e+07 1.144878048884033940e-22
9.076328462547862530e+07 1.065486106691684817e-22
9.303236674111558497e+07 9.897121846120063166e-23
9.535817590964347124e+07 9.174244870364785890e-23
9.774213030738455057e+07 8.488857863650295304e-23
1.001856835650691539e+08 7.840458959979370111e-23
1.026903256541958749e+08 7.230706719624920158e-23
1.052575837955507636e+08 6.655431620452295285e-23
1.078890233904395252e+08 6.116089590396117824e-23
1.105862489752005041e+08 5.601814292569909288e-23
1.133509051995805055e+08 5.113692630082111768e-23
1.161846778295700103e+08 4.648348420277885185e-23
1.190892947753092498e+08 4.218469998888254236e-23
1.220665271446919739e+08 3.823200149212889654e-23
1.251181903233092725e+08 3.460976911735747837e-23
1.282461450813919902e+08 3.130229760872832928e-23
1.314522987084267884e+08 2.828218160984941290e-23
1.347386061761374176e+08 2.551529397393389575e-23
1.381070713305408359e+08 2.299945386355059109e-23
1.415597481138043702e+08 2.070944073284242261e-23
1.450987418166494668e+08 1.863058965941661633e-23
1.487262103620656729e+08 1.673947735756972914e-23
1.524443656211172938e+08 1.503585474463565660e-23
1.562554747616452277e+08 1.348438309818382111e-23
1.601618616306863427e+08 1.208629396447942297e-23
1.641659081714535058e+08 1.082736507361382501e-23
1.682700558757398129e+08 9.689204643099019018e-24
1.724768072726333141e+08 8.664079663605147812e-24
1.767887274544491172e+08 7.745133485535793731e-24
1.812084456408103704e+08 6.918176269693344545e-24
1.857386567818306088e+08 6.174128503319550749e-24
1.903821232013763785e+08 5.510130000348411660e-24
1.951416762814107537e+08 4.912889357105056318e-24
2.000202181884460151e+08 4.377142407108841183e-24
2.050207236431571543e+08 3.899487397227190045e-24
2.101462417342360318e+08 3.471737777749920622e-24
2.153998977775919437e+08 3.089217685992770812e-24
2.207848952220317423e+08 2.747660519509564428e-24
2.263045176025825143e+08 2.442974237837805145e-24
2.319621305426470637e+08 2.170900209951386362e-24
2.377611838062132001e+08 1.928699688768765488e-24
2.437052134013685286e+08 1.712877897682514235e-24
2.497978437364027202e+08 1.520648055687242558e-24
2.560427898298127651e+08 1.349471812470114533e-24
2.624438595755580664e+08 1.197583251254631634e-24
2.690049560649470091e+08 1.061913870755107272e-24
2.757300799665706754e+08 9.418715827425567560e-25
2.826233319657349586e+08 8.351420159240341963e-25
2.896889152648783326e+08 7.399656934419614291e-25
2.969311381465002298e+08 6.556460006131435624e-25
3.043544166001627445e+08 5.812380014236645547e-25
3.119632770151667595e+08 5.148311014757826856e-25
3.197623589405459166e+08 4.558043862114263296e-25
3.277564179140595198e+08 4.036122145020949854e-25
3.359503283619109392e+08 3.572454560774392467e-25
3.443490865709587336e+08 3.161113327041128892e-25
3.529578137352326512e+08 2.797717321089060387e-25
3.617817590786134601e+08 2.474100224220909426e-25
3.708263030555787683e+08 2.186737499612914619e-25
3.800969606319681406e+08 1.932885202708325545e-25
3.895993846477673054e+08 1.707880496264699377e-25
3.993393692639614344e+08 1.507959177369378211e-25
4.093228534955604076e+08 1.331323185422460453e-25
4.195559248329493999e+08 1.174955425221934233e-25
4.300448229537731409e+08 1.036598762658902602e-25
4.407959435276173949e+08 9.143368641770728195e-26
4.518158421158077717e+08 8.063435442888841716e-26
4.631112381687029600e+08 7.109566662740875329e-26
4.746890191229205132e+08 6.267793965734473026e-26
4.865562446009934545e+08 5.525964589865709191e-26
4.987201507160181999e+08 4.869192355384517006e-26
5.111881544839186668e+08 4.289432617066157279e-26
5.239678583460165262e+08 3.778842423193356732e-26
5.370670548046669960e+08 3.328791583866777031e-26
5.504937311747835875e+08 2.931156980292327874e-26
5.642560744541530609e+08 2.581862937313626634e-26
5.783624763155068159e+08 2.273142010205654575e-26
5.928215382233945131e+08 2.000602027871383021e-26
6.076420766789792776e+08 1.761435537530323526e-26
6.228331285959537029e+08 1.550548694074675189e-26
6.384039568108525276e+08 1.364501134574922025e-26
6.543640557311238050e+08 1.201166684276183996e-26
6.707231571244018078e+08 1.057038142594919070e-26
6.874912360525118113e+08 9.300677020018373538e-27
7.046785169538246393e+08 8.187482224615069137e-27
7.222954798776700497e+08 7.207057985173496185e-27
7.403528668746118546e+08 6.341414476264558535e-27
7.588616885464770794e+08 5.581681227263451682e-27
7.778332307601387501e+08 4.913311618879635394e-27
7.972790615291422606e+08 4.322706128479670910e-27
8.172110380673707724e+08 3.804813477681115736e-27
8.376413140190548897e+08 3.349276348757736991e-27
8.585823468695312738e+08 2.948319274600181527e-27
8.800469055412695408e+08 2.595036639037543857e-27
9.020480781798011065e+08 2.284987304315826875e-27
9.245992801342961788e+08 2.011465725391601765e-27
9.477142621376533508e+08 1.770247444556623723e-27
9.714071186910945177e+08 1.558626546743958214e-27
9.956922966583716869e+08 1.372209032356446465e-27
1.020584604074830890e+09 1.207965929623288695e-27
1.046099219176701546e+09 1.064529002054689468e-27
1.072251699656119227e+09 9.377915503798824266e-28
1.099057992147522211e+09 8.271906499811351057e-28
1.126534441951210022e+09 7.293111404815990146e-28
1.154697802999990225e+09 6.428269197241104302e-28
1.183565248074989796e+09 5.662026389082077425e-28
1.213154379276864529e+09 4.990129429927522812e-28
1.243483238758786201e+09 4.398125020617230456e-28
1.274570319727755547e+09 3.875664027689020501e-28
1.306434577720949411e+09 3.417949620380185146e-28
1.339095442163973093e+09 3.019077678708260963e-28
1.372572828218072414e+09 2.661388280831451424e-28
1.406887148923523903e+09 2.349335112288732336e-28
1.442059327646611929e+09 2.075107596488487976e-28
1.478110810837776899e+09 1.832230965615549824e-28
1.515063581108721495e+09 1.618826038563902139e-28
1.552940170636439562e+09 1.429369480521563577e-28
1.591763674902350664e+09 1.260739629654746543e-28
1.631557766774909258e+09 1.116600364158768413e-28
1.672346710944281578e+09 9.874443939143416132e-29
1.714155378717888594e+09 8.725770174680128840e-29
1.757009263185835838e+09 7.703779828552703737e-29
1.800934494765481472e+09 6.823457424626831772e-29
1.845957857134618282e+09 6.030798223286404588e-29
1.892106803562983513e+09 5.324819531691038136e-29
1.939409473652057886e+09 4.703734305015946657e-29
1.987894710493359327e+09 4.155380168897467245e-29
2.037592078255692959e+09 3.670866904456616516e-29
2.088531880212085009e+09 3.244437665179655146e-29
2.140745177217386961e+09 2.866848649857876994e-29
2.194263806647821426e+09 2.533616411197483765e-29
2.249120401814016819e+09 2.240127439070566526e-29
2.305348411859367371e+09 1.987128056091359448e-29
2.362982122155851364e+09 1.756674069260857199e-29
2.422056675209747314e+09 1.555329393662448779e-29
2.482608092089991093e+09 1.378742111840688815e-29
2.544673294392240524e+09 1.225583771029624917e-29
2.608290126752046108e+09 1.086959626132595148e-29
2.673497379920846939e+09 9.639396206967900986e-30
2.740334814418868065e+09 8.531531410064781594e-30
2.808843184779339314e+09 7.548590558389531386e-30
2.879064264398822784e+09 6.683375784465050532e-30
2.951040871008792877e+09 5.934123728108752632e-30
3.024816892784012794e+09 5.254234003521534220e-30
3.100437315103612423e+09 4.653467131810309417e-30
3.177948247981202602e+09 4.132586239646198643e-30
3.257396954180732250e+09 3.663235994329895440e-30
3.338831878035250664e+09 3.257918684930515279e-30
3.422302674986131668e+09 2.889366950300409280e-30
3.507860241860784531e+09 2.565436843943359140e-30
3.595556747907303810e+09 2.286035634366925678e-30
3.685445666604986191e+09 2.025990216007374134e-30
3.777581808270110607e+09 1.797103765427591134e-30
3.872021353476862907e+09 1.595203585894167462e-30
3.968821887313783646e+09 1.415916081544051326e-30
4.068042434496627808e+09 1.262121281635816273e-30
4.169743495359043121e+09 1.121321131644111825e-30
4.273987082743019104e+09 9.941929568332209000e-31
4.380836759811594009e+09 8.819953929317456814e-31
4.490357678806882858e+09 7.822619027612129466e-31
4.602616620777054787e+09 5.157030173505808424e-35
