3.997672945641870967e+01 0.000000000000000000e+00
4.097614769282917280e+01 0.000000000000000000e+00
4.200055138514990460e+01 0.000000000000000000e+00
4.305056516977865044e+01 0.000000000000000000e+00
4.412682929902310747e+01 0.000000000000000000e+00
4.523000003149868320e+01 0.000000000000000000e+00
4.636075003228614833e+01 0.000000000000000000e+00
4.751976878309329777e+01 0.000000000000000000e+00
4.870776300267063164e+01 0.000000000000000000e+00
4.992545707773737718e+01 0.000000000000000000e+00
5.117359350468080947e+01 0.000000000000000000e+00
5.245293334229782545e+01 0.000000000000000000e+00
5.376425667585527890e+01 0.000000000000000000e+00
5.510836309275164524e+01 0.000000000000000000e+00
5.648607217007043602e+01 0.000000000000000000e+00
5.789822397432218537e+01 0.000000000000000000e+00
5.934567957368024338e+01 0.000000000000000000e+00
6.082932156302224058e+01 0.000000000000000000e+00
6.235005460209778505e+01 0.000000000000000000e+00
6.390880596715022222e+01 0.000000000000000000e+00
6.550652611632897049e+01 0.000000000000000000e+00
6.714418926923718800e+01 0.000000000000000000e+00
6.882279400096811628e+01 0.000000000000000000e+00
7.054336385099230711e+01 0.000000000000000000e+00
7.230694794726711905e+01 0.000000000000000000e+00
7.411462164594878743e+01 0.000000000000000000e+00
7.596748718709750392e+01 0.000000000000000000e+00
7.786667436677493015e+01 0.000000000000000000e+00
7.981334122594429914e+01 0.000000000000000000e+00
8.180867475659289312e+01 0.000000000000000000e+00
8.385389162550771402e+01 0.000000000000000000e+00
8.595023891614539480e+01 0.000000000000000000e+00
8.809899488904902398e+01 0.000000000000000000e+00
9.030146976127524283e+01 0.000000000000000000e+00
9.255900650530711005e+01 0.000000000000000000e+00
9.487298166793976861e+01 0.000000000000000000e+00
9.724480620963825572e+01 0.000000000000000000e+00
9.967592636487920288e+01 0.000000000000000000e+00
1.021678245240011904e+02 0.000000000000000000e+00
1.047220201371011967e+02 0.000000000000000000e+00
1.073400706405287366e+02 0.000000000000000000e+00
1.100235724065419305e+02 0.000000000000000000e+00
1.127741617167054926e+02 0.000000000000000000e+00
1.155935157596231164e+02 0.000000000000000000e+00
1.184833536536136762e+02 0.000000000000000000e+00
1.214454374949540068e+02 0.000000000000000000e+00
1.244815734323278633e+02 0.000000000000000000e+00
1.275936127681360546e+02 0.000000000000000000e+00
1.307834530873394669e+02 0.000000000000000000e+00
1.340530394145229138e+02 0.000000000000000000e+00
1.374043653998859895e+02 0.000000000000000000e+00
1.408394745348831236e+02 0.000000000000000000e+00
1.443604613982551825e+02 0.000000000000000000e+00
1.479694729332115628e+02 0.000000000000000000e+00
1.516687097565418298e+02 0.000000000000000000e+00
1.554604275004553813e+02 0.000000000000000000e+00
1.593469381879667708e+02 0.000000000000000000e+00
1.633306116426659287e+02 0.000000000000000000e+00
1.674138769337325527e+02 0.000000000000000000e+00
1.715992238570758559e+02 0.000000000000000000e+00
1.758892044535027708e+02 0.000000000000000000e+00
1.802864345648403059e+02 0.000000000000000000e+00
1.847935954289613107e+02 0.000000000000000000e+00
1.894134353146853300e+02 0.000000000000000000e+00
1.941487711975524633e+02 0.000000000000000000e+00
1.990024904774912500e+02 0.000000000000000000e+00
2.039775527394285177e+02 0.000000000000000000e+00
2.090769915579141980e+02 0.000000000000000000e+00
2.143039163468620529e+02 0.000000000000000000e+00
2.196615142555335751e+02 0.000000000000000000e+00
2.251530521119219088e+02 1.318098056086899036e-97
2.307818784147198983e+02 5.754259977079969616e-96
2.365514253750879163e+02 9.242960587162970471e-95
2.424652110094650652e+02 1.145251752753414687e-93
2.485268412847016748e+02 1.235899697201053750e-92
2.547400123168192181e+02 1.212918662884320637e-91
2.611085126247396602e+02 3.190010376506915660e-90
2.676362254403580891e+02 1.033542075269792755e-88
2.743271310763670385e+02 1.303487198318238975e-87
2.811853093532761818e+02 1.285580679946276816e-86
2.882149420871080565e+02 1.111917466716802531e-85
2.954203156392857181e+02 9.117561952007690944e-85
3.028058235302678440e+02 2.600422790544673353e-83
3.103759691185245515e+02 2.906134448646421201e-82
3.181353683464876099e+02 2.359308695641950296e-81
3.260887525551498243e+02 1.675387270211045720e-80
3.342409713690285002e+02 3.042361825812651115e-79
3.425969956532541119e+02 4.387414713158318302e-78
3.511619205445855414e+02 3.517503488339987883e-77
3.599409685582000407e+02 2.263395544484370306e-76
3.689394927721550630e+02 1.515179990559466867e-75
3.781629800914589055e+02 2.185354729164447732e-74
3.876170545937453085e+02 1.705626761702394470e-73
3.973074809585888261e+02 1.078092740824387845e-72
4.072401679825535439e+02 8.920572589016969866e-72
4.174211721821174024e+02 7.444551493487550300e-71
4.278567014866703175e+02 4.990459518860968465e-70
4.385531190238370414e+02 2.313370878119905284e-69
4.495169469994329461e+02 2.645090341786975304e-68
4.607548706744187257e+02 1.481234743877861250e-67
4.722737424412792393e+02 6.884993885527930926e-67
4.840805860023110654e+02 3.969438448676572540e-66
4.961826006523688193e+02 2.699566689884756087e-65
5.085871656686780398e+02 1.566839761844641639e-64
5.213018448103948685e+02 8.617076617939000609e-64
5.343343909306547630e+02 2.781333071918173030e-63
5.476927507039210923e+02 8.580817120064140370e-63
5.613850694715190457e+02 3.223850074392370758e-62
5.754196962083069593e+02 8.318895037284079741e-62
5.898051886135145878e+02 3.246263092190434474e-61
6.045503183288524269e+02 1.188089088677933444e-60
6.196640762870737262e+02 3.914683228117509392e-60
6.351556781942505268e+02 1.454267112777677218e-59
6.510345701491066848e+02 5.486729036410199365e-59
6.673104344028344030e+02 1.663373673608750298e-58
6.839931952629051466e+02 4.255863613767507839e-58
7.010930251444777923e+02 8.613964011189287291e-58
7.186203507730896263e+02 1.970038083215402863e-57
7.365858595424168698e+02 4.758963294511594211e-57
7.550005060309772489e+02 1.355384482133697090e-56
7.738755186817516005e+02 2.577867622183036120e-56
7.932224066487952996e+02 4.881613066602042069e-56
8.130529668150149973e+02 6.439590271535246722e-56
8.333792909853902984e+02 1.005654306923865124e-55
8.542137732600249365e+02 1.462265808110954242e-55
8.755691175915253552e+02 1.601632075670602337e-55
8.974583455313136255e+02 1.514037648338074212e-55
9.198948041695963411e+02 1.051237463739156697e-55
9.428921742738360763e+02 9.197590468071628700e-56
9.664644786306819242e+02 1.609146367017243958e-55
9.906260905964488757e+02 2.813278663326015077e-55
1.015391742861360058e+03 5.422437998620659085e-55
1.040776536432894090e+03 2.420448746533697208e-54
1.066795949843716244e+03 9.857982316048404391e-54
1.093465848589808957e+03 3.604133118505812626e-53
1.120802494804554271e+03 1.117239348357337360e-52
1.148822557174667963e+03 5.869430449336929699e-52
1.177543121104034753e+03 2.547835601963436279e-51
1.206981699131635423e+03 1.060939166213194391e-50
1.237156241609926155e+03 3.815005766456006332e-50
1.268085147650174122e+03 1.260230347787264300e-49
1.299787276341428424e+03 2.957277023015005088e-49
1.332281958249963964e+03 9.850453965552469551e-49
1.365589007206212955e+03 2.951565958175788376e-48
1.399728732386368165e+03 6.568087956601710258e-48
1.434721950696027534e+03 1.421619219531096879e-47
1.470589999463428285e+03 2.829487357881656942e-47
1.507354749450013969e+03 5.789683108455238148e-47
1.545038618186264102e+03 1.607574690779491737e-46
1.583664583640920682e+03 4.246860442508332601e-46
1.623256198231943245e+03 9.723452892986710106e-46
1.663837603187741934e+03 3.497887086525622925e-45
1.705433543267435198e+03 1.057878717057428320e-44
1.748069381849120873e+03 4.521420590864802772e-44
1.791771116395348599e+03 1.702434175378383477e-43
1.836565394305232530e+03 4.968912755713844906e-43
1.882479529162863173e+03 1.629483961747911020e-42
1.929541517391934349e+03 5.604431376677631973e-42
1.977780055326732509e+03 1.798856186079226087e-41
2.027224556709900753e+03 5.500552121055718385e-41
2.077905170627647749e+03 1.663313622225910942e-40
2.129852799893339125e+03 4.532368621104836957e-40
2.183099119890672227e+03 1.340877885234348237e-39
2.237676597887938897e+03 3.700224651523167696e-39
2.293618512835137608e+03 1.075429703136950990e-38
2.350958975656015809e+03 2.919372996324078469e-38
2.409732950047416125e+03 7.690194445150151309e-38
2.469976273798601142e+03 1.940368566721128022e-37
2.531725680643566193e+03 4.798770682509318058e-37
2.595018822659654688e+03 1.136952092090553965e-36
2.659894293226146146e+03 2.608257872187616520e-36
2.726391650556799959e+03 5.761673603887929491e-36
2.794551441820719901e+03 1.240191890567081548e-35
2.864415227866236819e+03 2.673551025850094404e-35
2.936025608562893012e+03 8.138027808496417869e-35
3.009426248776965167e+03 2.356034516939523314e-34
3.084661904996389239e+03 4.092619928731621135e-34
3.161778452621299039e+03 1.014526665235658177e-33
3.240822913936831355e+03 2.021741751002471682e-33
3.321843486785251571e+03 3.918268162616228141e-33
3.404889573954882962e+03 1.022871103845653350e-32
3.490011813303754479e+03 3.027395279999705992e-32
3.577262108636348330e+03 6.814134462585758035e-32
3.666693661352256640e+03 1.384362272499916635e-31
3.758361002886063034e+03 2.494461791465522685e-31
3.852320027958214268e+03 4.183531697324747337e-31
3.948628028657169580e+03 7.446950306456849991e-31
4.047343729373598762e+03 1.244579953013891428e-30
4.148527322607938004e+03 1.928720133278999525e-30
4.252240505673135885e+03 3.059835583192064350e-30
4.358546518314964487e+03 5.625082983663188916e-30
4.467510181272838054e+03 9.148295720200601481e-30
4.579197935804659210e+03 1.331774120854968809e-29
4.693677884199775690e+03 1.928854451688867570e-29
4.811019831304769468e+03 7.846081627815340932e-29
4.931295327087387705e+03 1.031236839535880198e-28
5.054577710264572488e+03 1.618100895224295913e-28
5.180942153021185732e+03 2.128105240187180319e-28
5.310465706846714966e+03 3.405775136761184876e-28
5.443227349517881521e+03 5.025841240861480038e-28
5.579308033255828377e+03 6.533424377053092494e-28
5.718790734087223427e+03 1.898042831305751532e-27
5.861760502439403353e+03 4.229677122547180068e-27
6.008304515000389074e+03 5.431815245414399498e-27
6.158512127875396800e+03 6.837220734347977122e-27
6.312474931072281834e+03 8.650941167145428161e-27
6.470286804349088015e+03 1.099479028503891549e-26
6.632043974457814329e+03 1.366315262724449299e-26
6.797845073819258687e+03 1.673554114639373831e-26
6.967791200664740245e+03 2.070823681130838103e-26
7.141985980681356523e+03 2.558970389465366093e-26
7.320535630198390209e+03 3.197801846961458563e-26
7.503549020953349100e+03 3.962350524327170366e-26
7.691137746477181281e+03 4.879864402020063429e-26
7.883416190139110768e+03 6.130869896985672602e-26
8.080501594892588400e+03 7.475713328291695085e-26
8.282514134764902337e+03 9.254174357563886863e-26
8.489576988134023850e+03 1.126213496234585455e-25
8.701816412837373719e+03 1.358248463449970537e-25
8.919361823158307743e+03 1.292668762881991382e-25
9.142345868737264027e+03 8.200551285792044272e-26
9.370904515455693399e+03 8.168046223763089625e-26
9.605177128342085780e+03 1.047291210958584578e-25
9.845306556550638561e+03 1.062484818230904673e-25
1.009143922046440275e+04 1.273292144909780027e-25
1.034372520097601227e+04 1.357668825328239530e-25
1.060231833100041331e+04 1.527819964782541209e-25
1.086737628927542028e+04 1.700347044360721092e-25
1.113906069650730569e+04 1.841858717666611626e-25
1.141753721391998624e+04 2.012194527234876585e-25
1.170297564426798635e+04 2.177381841604117240e-25
1.199555003537468292e+04 2.282108037409876830e-25
1.205552778555155601e+04 2.248779468862350327e-25
1.211580542447931111e+04 1.940035148795352702e-25
1.217638445160170704e+04 1.991707924704508358e-25
1.223726637385971298e+04 2.370970648370977800e-25
1.229845270572901245e+04 2.459539538749777402e-25
1.235994496925765270e+04 2.583260961319473247e-25
1.242174469410394158e+04 2.664109359322590221e-25
1.248385341757446076e+04 2.642924998611346166e-25
1.254627268466232817e+04 2.760035731572126549e-25
1.260900404808564053e+04 2.761297636102428418e-25
1.267204906832606684e+04 2.823716150945688805e-25
1.273540931366769473e+04 2.870114290146781491e-25
1.279908636023603322e+04 2.925267924143765917e-25
1.286308179203721011e+04 3.002371778068759550e-25
1.292739720099739498e+04 3.020357280847805508e-25
1.299203418700238217e+04 3.081759334562645927e-25
1.305699435793739212e+04 3.119099663726975455e-25
1.312227932972707822e+04 3.181391522811085142e-25
1.318789072637571371e+04 3.213178689969338668e-25
1.325383018000758784e+04 3.182910293889774554e-25
1.332009933090762570e+04 3.327767458591899547e-25
1.338669982756216086e+04 3.273582654896478241e-25
1.345363332669997180e+04 3.333748473917973104e-25
1.352090149333346926e+04 3.373120660529565277e-25
1.358850600080013464e+04 3.494057998458009195e-25
1.365644853080413486e+04 3.482841668066923377e-25
1.372473077345815182e+04 3.436996886914702018e-25
1.379335442732544107e+04 3.461076403493730380e-25
1.386232119946206694e+04 3.571887375198559632e-25
1.393163280545937596e+04 3.548620467931679642e-25
1.400129096948667211e+04 3.622659609284587001e-25
1.407129742433410502e+04 3.738713851420580457e-25
1.414165391145577451e+04 3.777194782716120667e-25
1.421236218101305167e+04 3.813317076398982536e-25
1.428342399191811637e+04 3.936174974338985541e-25
1.435484111187770395e+04 3.932254085018538130e-25
1.442661531743709202e+04 4.005760196837563049e-25
1.449874839402427642e+04 4.090002245866604677e-25
1.457124213599439645e+04 4.194014946268322995e-25
1.464409834667436553e+04 4.271041837349065108e-25
1.471731883840773480e+04 4.286557224324768239e-25
1.479090543259977312e+04 4.482538601108355813e-25
1.486485995976276899e+04 4.464408600496844518e-25
1.493918425956158171e+04 4.281464942460889979e-25
1.501388018085938893e+04 4.571802609021202387e-25
1.508894958176368345e+04 4.526261181177905337e-25
1.516439432967250104e+04 4.613333318566618810e-25
1.524021630132086102e+04 4.503618967462608518e-25
1.531641738282746155e+04 4.725936573080081334e-25
1.539299946974160048e+04 4.486460606624331328e-25
1.546996446709030533e+04 4.592171672351571881e-25
1.554731428942575621e+04 4.663430898822432628e-25
1.562505086087288146e+04 4.676316400494781618e-25
1.570317611517724617e+04 4.879500676172226758e-25
1.578169199575313178e+04 4.929801627466632745e-25
1.586060045573189382e+04 5.215975536077018620e-25
1.593990345801055082e+04 5.322134040845364043e-25
1.601960297530060416e+04 5.090552217531804271e-25
1.609970099017710527e+04 5.418015922591120961e-25
1.618019949512799030e+04 5.651449792078189521e-25
1.626110049260362757e+04 5.535957305335880189e-25
1.634240599506664512e+04 5.828725175356160994e-25
1.642411802504197476e+04 5.872968548520373868e-25
1.650623861516718171e+04 6.041441038403039112e-25
1.658876980824301791e+04 6.089719972145745192e-25
1.667171365728423189e+04 5.632735032816679490e-25
1.675507222557064961e+04 5.954747486069076637e-25
1.683884758669850271e+04 5.899419031413959905e-25
1.692304182463198958e+04 6.201296156366258144e-25
1.700765703375514931e+04 5.948081699744050663e-25
1.709269531892392479e+04 5.971752587412190786e-25
1.717815879551854232e+04 6.271494245085285220e-25
1.726404958949613138e+04 6.406401595891209017e-25
1.735036983744360987e+04 6.296249228195684067e-25
1.743712168663082775e+04 6.756044849901822048e-25
1.752430729506397984e+04 6.601260042292312672e-25
1.761192883153929870e+04 6.791671593970253914e-25
1.769998847569699501e+04 6.947127699171228737e-25
1.778848841807547433e+04 6.843410837405308680e-25
1.787743086016585221e+04 6.765855239992675807e-25
1.796681801446668032e+04 6.967315061774729013e-25
1.805665210453901091e+04 6.784660157407024030e-25
1.814693536506170494e+04 7.032377752433287347e-25
1.823767004188701321e+04 7.174021043899200930e-25
1.832885839209644473e+04 6.845123808434190791e-25
1.842050268405692623e+04 7.150183833422125339e-25
1.851260519747720900e+04 7.356068873963676784e-25
1.860516822346459230e+04 7.305147704365020998e-25
1.869819406458191588e+04 7.319998832098033506e-25
1.879168503490482180e+04 7.077430860008442624e-25
1.888564346007934364e+04 7.411158209910978668e-25
1.898007167737973941e+04 7.584945171844499497e-25
1.907497203576663378e+04 7.626543274904755364e-25
1.917034689594546944e+04 7.657288000451392637e-25
1.926619863042519137e+04 7.740214073003226884e-25
1.936252962357731667e+04 7.606167836173798689e-25
1.945934227169520091e+04 7.749556744267469239e-25
1.955663898305367547e+04 7.864384358958954296e-25
1.965442217796893965e+04 8.030817181756809180e-25
1.975269428885878006e+04 8.015808897894770229e-25
1.985145776030307388e+04 8.031937454179473959e-25
1.995071504910458680e+04 8.225480516840363501e-25
2.005046862435010917e+04 8.304130531223466450e-25
2.015072096747185788e+04 8.382382943949435383e-25
2.025147457230921646e+04 8.376520057821396889e-25
2.035273194517075899e+04 8.707178525334499372e-25
2.045449560489661235e+04 8.765875070305963877e-25
2.055676808292109490e+04 9.159592845404424774e-25
2.065955192333569721e+04 8.863116497521649744e-25
2.076284968295237195e+04 8.862878782028671617e-25
2.086666393136713305e+04 9.074210186063229072e-25
2.097099725102396405e+04 9.195873599678762951e-25
2.107585223727908669e+04 9.046026615365589936e-25
2.118123149846547676e+04 9.092604242644211528e-25
2.128713765595779842e+04 9.332358949491021197e-25
2.139357334423758948e+04 9.247314171991576461e-25
2.150054121095877781e+04 8.840548793747917363e-25
2.160804391701356872e+04 9.229072617452894751e-25
2.171608413659863436e+04 9.242878559090238008e-25
2.182466455728162691e+04 9.370096599957717570e-25
2.193378788006803006e+04 9.109337529825037840e-25
2.204345681946836703e+04 8.945232147648323630e-25
2.215367410356571054e+04 7.775720251464571968e-25
2.226444247408353476e+04 9.166914042510386116e-25
2.237576468645394925e+04 9.892769839096471120e-25
2.248764350988621663e+04 1.013536524373508031e-24
2.260008172743564501e+04 9.966040933348461263e-25
2.271308213607281505e+04 1.010444444113929918e-24
2.282664754675317818e+04 1.054478187352578618e-24
2.294078078448694578e+04 1.047805383456156585e-24
2.305548468840937858e+04 1.049503921345777572e-24
2.317076211185142165e+04 1.039501187608735427e-24
2.328661592241067774e+04 1.059413955954582699e-24
2.340304900202272984e+04 1.070681275097588165e-24
2.352006424703284210e+04 1.090710821034507640e-24
2.363766456826800277e+04 1.099806084037923192e-24
2.375585289110933809e+04 1.100107719299316556e-24
2.387463215556488285e+04 1.093550857252181865e-24
2.399400531634270374e+04 1.090056363086932392e-24
2.411397534292441560e+04 1.117841567340511864e-24
2.423454521963903244e+04 1.147190626335605581e-24
2.435571794573722946e+04 8.437684867971329030e-25
2.447749653546591071e+04 1.129223798124011870e-24
2.459988401814323879e+04 1.183722163242875344e-24
2.472288343823395189e+04 1.231934241978654639e-24
2.484649785542512109e+04 1.241069360494181074e-24
2.497073034470224229e+04 1.216901001771299357e-24
2.509558399642575387e+04 1.255158067400247411e-24
2.522106191640788165e+04 1.248505470697532899e-24
2.534716722598991328e+04 1.261632194260117083e-24
2.547390306211986172e+04 1.304948950758855422e-24
2.560127257743045993e+04 1.328865841536435644e-24
2.572927894031760297e+04 1.346957719679762813e-24
2.585792533501919024e+04 1.329236872025449777e-24
2.598721496169428428e+04 1.357506186297226723e-24
2.611715103650274978e+04 1.402459239183799545e-24
2.624773679168526724e+04 1.399285762567623163e-24
2.637897547564368870e+04 1.414158031070165639e-24
2.651087035302189906e+04 1.401741538276490653e-24
2.664342470478701216e+04 1.441561494662900441e-24
2.677664182831094513e+04 1.437855795125133977e-24
2.691052503745249487e+04 1.505391960349676968e-24
2.704507766263975645e+04 1.534232421834644749e-24
2.718030305095295262e+04 1.558503243896526708e-24
2.731620456620771074e+04 1.564243343093965275e-24
2.745278558903875091e+04 1.519465155884989627e-24
2.759004951698393415e+04 1.583054864031325564e-24
2.772799976456885270e+04 1.604288540153559491e-24
2.786663976339169312e+04 1.596310644156492238e-24
2.800597296220865246e+04 1.714577739821983343e-24
2.814600282701968899e+04 1.739359047929859084e-24
2.828673284115478600e+04 1.723001076229903833e-24
2.842816650536056113e+04 1.774097824758245995e-24
2.857030733788735597e+04 1.798626965838251800e-24
2.871315887457678764e+04 1.832224105439440322e-24
2.885672466894966783e+04 1.814941282920552556e-24
2.900100829229442024e+04 1.887733952999236357e-24
2.914601333375588729e+04 1.925618542158099793e-24
2.929174340042465701e+04 1.963233568782674427e-24
2.943820211742677566e+04 2.008865013946934708e-24
2.958539312801391134e+04 2.020227058605370684e-24
2.973332009365397244e+04 2.091081077547243531e-24
2.988198669412223899e+04 2.117862414002932913e-24
3.003139662759284329e+04 2.130819765818436854e-24
3.018155361073080712e+04 2.240158203573135336e-24
3.033246137878446098e+04 2.308736753671052033e-24
3.048412368567837984e+04 2.308264719744132982e-24
3.063654430410676287e+04 2.280104005655299724e-24
3.078972702562729319e+04 2.419732087918019381e-24
3.094367566075542709e+04 2.487009737050883719e-24
3.109839403905919971e+04 2.594355902686468438e-24
3.125388600925448918e+04 2.675359942545007241e-24
3.141015543930076092e+04 2.697673978130703434e-24
3.156720621649725581e+04 2.360603990942841680e-24
3.172504224757974589e+04 2.877621950801342031e-24
3.188366745881763927e+04 2.983200418642857298e-24
3.204308579611172172e+04 2.934825060538639088e-24
3.220330122509227658e+04 3.192256281003947632e-24
3.236431773121773585e+04 3.187568943777374669e-24
3.252613931987381875e+04 3.367521346827882833e-24
3.268877001647318684e+04 3.423591670713389236e-24
3.285221386655554670e+04 3.611760691229377160e-24
3.301647493588832003e+04 3.690869860672315831e-24
3.318155731056776131e+04 3.868225154404838216e-24
3.334746509712059924e+04 3.828162607870621512e-24
3.351420242260619852e+04 4.118692920468554402e-24
3.368177343471922359e+04 4.254086151688678561e-24
3.385018230189281894e+04 4.388548093073366201e-24
3.401943321340228431e+04 4.563363676846214732e-24
3.418953037946928816e+04 4.466328478170497715e-24
3.436047803136662696e+04 4.901173383917566609e-24
3.453228042152345733e+04 5.129816371926719360e-24
3.470494182363107393e+04 5.375667428537914886e-24
3.487846653274922573e+04 5.556375150319220205e-24
3.505285886541297077e+04 5.806245921298206657e-24
3.522812315974003286e+04 6.127200374288304296e-24
3.540426377553872589e+04 6.492250780069161862e-24
3.558128509441641654e+04 6.848122754693864603e-24
3.575919151988849626e+04 7.189884074862551672e-24
3.593798747748792812e+04 7.357142693065084697e-24
3.611767741487536841e+04 7.820894108491439715e-24
3.629826580194973940e+04 8.372616561606935778e-24
3.647975713095948595e+04 1.092757587089086059e-23
3.666215591661427607e+04 1.300316592502088796e-23
3.684546669619734166e+04 1.770577705526266055e-23
3.702969402967832866e+04 1.563019726021681697e-23
3.721484249982671463e+04 1.582900291445697594e-23
3.740091671232584486e+04 3.761375354769337534e-23
3.758792129588747048e+04 4.300269767202606579e-23
3.777586090236690507e+04 4.801420739402592968e-23
3.796474020687873417e+04 1.552967216252728060e-23
3.815456390791312151e+04 6.339550732650081225e-23
3.834533672745267540e+04 1.215442036413231823e-22
3.853706341108993365e+04 1.250717579555891985e-22
3.872974872814537957e+04 5.196241378006792893e-23
3.892339747178609832e+04 2.880425286211445828e-23
3.911801445914502983e+04 8.674534705530959359e-23
3.931360453144074563e+04 2.696335794118228556e-22
3.951017255409794598e+04 3.717000205381013315e-22
3.970772341686843720e+04 3.704769094931340057e-22
3.990626203395277116e+04 4.071861989304979724e-22
4.010579334412253229e+04 4.391652886413866826e-22
4.030632231084314117e+04 3.501338387463062853e-22
4.050785392239734938e+04 2.751105364029332196e-22
4.071039319200933096e+04 1.058406844993953834e-22
4.091394515796937048e+04 4.158599509097622643e-23
4.111851488375921326e+04 5.095306000085133772e-23
4.132410745817800489e+04 1.180362055593177997e-22
4.153072799546888564e+04 2.807102776777851492e-22
4.173838163544623239e+04 5.734681401898629920e-22
4.194707354362345359e+04 7.147780140786634885e-22
4.215680891134156991e+04 7.190652950514659348e-22
4.236759295589827525e+04 9.456353550328962187e-22
4.257943092067776161e+04 8.157958174429503449e-22
4.279232807528114790e+04 9.773036365215791013e-22
4.300628971565754910e+04 1.068161635409190451e-21
4.322132116423583648e+04 1.295762420445068950e-21
4.343742777005700918e+04 8.851735216980340175e-22
4.365461490890728601e+04 1.032981253580393571e-21
4.387288798345183022e+04 8.726401997952584920e-22
4.409225242336907831e+04 2.986367669943274565e-21
4.431271368548592727e+04 1.180800815360226593e-21
4.453427725391334388e+04 1.577407617448660659e-21
4.475694864018289809e+04 3.723053855838678701e-21
4.498073338338381291e+04 2.718599869351517315e-21
4.520563705030072742e+04 2.695446452336150425e-21
4.543166523555222375e+04 3.903899273371699860e-21
4.565882356172997970e+04 2.526992828963233819e-21
4.588711767953862727e+04 2.625165751572495080e-21
4.611655326793630957e+04 2.835262228179919708e-21
4.634713603427597991e+04 2.189999665569033927e-21
4.657887171444736305e+04 3.088835752077675199e-21
4.681176607301959302e+04 2.294337863620433147e-21
4.704582490338468051e+04 2.094958291594134672e-21
4.728105402790159860e+04 2.064455047933920068e-21
4.751745929804110347e+04 1.148418549439741940e-21
4.775504659453130444e+04 9.790361439491728405e-23
4.799382182750396169e+04 3.917593350099905676e-22
4.823379093664146785e+04 7.214932830617858244e-23
4.847495989132467366e+04 5.628943048963156197e-23
4.871733469078128837e+04 8.610657820556362352e-23
4.896092136423519696e+04 2.301371446317893171e-22
4.920572597105637396e+04 6.014900203346134277e-22
4.945175460091164859e+04 1.905808808681166405e-21
4.969901337391620473e+04 3.318143399489511637e-21
4.994750844078578666e+04 4.292304096261207908e-21
5.019724598298970523e+04 6.925685852523884921e-21
5.044823221290465153e+04 3.627955254522073419e-21
5.070047337396915827e+04 8.849575418668563165e-21
5.095397574083900690e+04 7.882720778239061493e-21
5.120874561954319506e+04 9.066724419629628766e-21
5.146478934764090809e+04 1.121022044007294327e-20
5.172211329437911627e+04 1.311199877923093399e-20
5.198072386085100152e+04 1.278059457544200794e-20
5.224062748015524994e+04 6.641079912267592561e-21
5.250183061755602830e+04 1.264613829969715114e-20
5.276433977064379724e+04 1.488791744074287668e-20
5.302816146949701943e+04 1.671149127445792115e-20
5.329330227684448619e+04 1.471985216813652378e-20
5.355976878822869912e+04 1.805631519955517608e-20
5.382756763216984109e+04 1.589601093490078706e-20
5.409670547033069306e+04 1.490296042064938138e-20
5.436718899768232950e+04 1.631333391753345766e-20
5.463902494267073780e+04 1.422334515224936609e-20
5.491222006738408527e+04 1.598736809474938347e-20
5.518678116772099747e+04 1.600091788564631124e-20
5.546271507355960057e+04 1.735949726389296447e-20
5.574002864892740035e+04 1.648208198823492296e-20
5.601872879217203445e+04 1.572413563820318752e-20
5.629882243613287574e+04 1.706900972317359546e-20
5.658031654831353808e+04 1.483496376269652180e-20
5.686321813105509500e+04 1.762316457708856666e-20
5.714753422171036800e+04 1.752621796686309885e-20
5.743327189281891333e+04 1.823600190772568302e-20
5.772043825228299829e+04 1.795060090091889497e-20
5.800904044354442158e+04 1.999689058502793508e-20
5.829908564576213394e+04 2.038156178831364490e-20
5.859058107399093569e+04 1.942530668954020070e-20
5.888353397936088004e+04 1.751216521812180427e-20
5.917795164925767313e+04 1.961391267675296337e-20
5.947384140750396182e+04 1.989501795524530509e-20
5.977121061454147275e+04 1.837317737348640889e-20
6.007006666761417000e+04 2.017848113937560716e-20
6.037041700095223496e+04 1.818550233537852817e-20
6.067226908595699933e+04 2.235912846902019481e-20
6.097563043138677313e+04 1.887584898055880814e-20
6.128050858354369848e+04 8.906874458930685446e-21
6.158691112646141846e+04 2.032000491125604499e-20
6.189484568209372082e+04 1.798354347134627666e-20
6.220431991050417128e+04 1.400134590234260704e-20
6.251534151005668537e+04 1.339283636092072839e-20
6.282791821760697349e+04 2.045583205916080087e-20
6.314205780869499722e+04 2.284986689849258913e-20
6.345776809773845889e+04 2.081389055144262661e-20
6.377505693822714238e+04 2.064793717036660093e-20
6.409393222291827260e+04 2.214801739511502057e-20
6.441440188403285720e+04 2.047236783399487876e-20
6.473647389345301053e+04 2.048040503865111643e-20
6.506015626292027446e+04 2.100620844457009917e-20
6.538545704423487041e+04 2.041899316764358710e-20
6.571238432945603563e+04 2.127795012261750867e-20
6.604094625110331981e+04 2.247298874701247503e-20
6.637115098235881305e+04 2.277557039753381457e-20
6.670300673727061076e+04 2.227413225691203414e-20
6.703652177095695515e+04 2.352242318373741795e-20
6.737170437981172290e+04 2.547521806464299225e-20
6.770856290171078581e+04 1.948768471162595920e-20
6.804710571621933195e+04 1.855033566351554542e-20
6.838734124480040919e+04 2.407666421306765518e-20
6.872927795102441451e+04 2.306210428656446126e-20
6.907292434077952930e+04 2.666175850923292550e-20
6.941828896248340607e+04 2.614873720743244586e-20
6.976538040729583008e+04 2.506414274790316353e-20
7.011420730933229788e+04 2.769208681425784860e-20
7.046477834587894904e+04 2.606634792736655066e-20
7.081710223760834197e+04 2.540507431022401083e-20
7.117118774879637931e+04 2.824622816929612979e-20
7.152704368754035386e+04 2.717365549232182586e-20
7.188467890597805672e+04 2.612869676386286099e-20
7.224410230050793325e+04 2.218981942837363316e-20
7.260532281201046135e+04 2.528473862998045215e-20
7.296834942607050471e+04 2.527919413501128922e-20
7.333319117320084479e+04 2.760449175736169193e-20
7.369985712906683329e+04 2.180688276912014600e-20
7.406835641471216513e+04 2.053629418384356607e-20
7.443869819678571366e+04 2.426831553992749447e-20
7.481089168776963197e+04 2.573971180185852138e-20
7.518494614620847278e+04 2.313759105140457226e-20
7.556087087693951617e+04 2.473783007889964017e-20
7.593867523132420320e+04 2.473126375598796994e-20
7.631836860748080653e+04 2.496101227256888858e-20
7.669996045051820693e+04 2.391975487777155094e-20
7.708346025277079025e+04 2.332826871298774564e-20
7.746887755403463962e+04 2.091867424556979222e-20
7.785622194180480437e+04 2.545982070641885827e-20
7.824550305151382054e+04 2.650306720974093979e-20
7.863673056677138084e+04 2.695753054929713422e-20
7.902991421960522712e+04 2.680142527277355747e-20
7.942506379070325056e+04 2.418441435099171328e-20
7.982218910965675605e+04 2.559153538018846320e-20
8.022130005520503619e+04 2.452710197885846690e-20
8.062240655548103678e+04 2.110324835446766933e-20
8.102551858825843374e+04 2.397653196244070039e-20
8.143064618119971419e+04 2.117761763684298251e-20
8.183779941210569814e+04 2.522364105368002557e-20
8.224698840916622430e+04 2.290669624324117137e-20
8.265822335121205833e+04 2.071826598193875098e-20
8.307151446796809614e+04 2.393892748605771867e-20
8.348687204030793509e+04 2.458624818883103312e-20
8.390430640050946386e+04 2.384394399592235934e-20
8.432382793251199473e+04 2.142960962108914901e-20
8.474544707217456016e+04 2.570786505352764908e-20
8.516917430753541703e+04 2.081916408501049637e-20
8.559502017907309346e+04 2.394035655246507665e-20
8.602299527996843972e+04 2.363454992770340698e-20
8.645311025636826525e+04 2.232609846635371454e-20
8.688537580765009625e+04 1.994829879357169546e-20
8.731980268668834469e+04 2.105141570522600802e-20
8.775640170012178714e+04 2.542840016515164736e-20
8.819518370862238226e+04 1.980480617152417804e-20
8.863615962716548529e+04 2.021891325869917602e-20
8.907934042530131410e+04 2.081196437481988996e-20
8.952473712742779753e+04 2.423497763917757493e-20
8.997236081306493725e+04 1.889467984172561599e-20
9.042222261713023181e+04 2.325127212612888088e-20
9.087433373021586158e+04 2.413269001922121310e-20
9.132870539886693587e+04 2.385572105888717901e-20
9.178534892586123897e+04 2.236854091114540601e-20
9.224427567049053323e+04 2.033220479177603066e-20
9.270549704884296807e+04 2.186783606448101657e-20
9.316902453408719157e+04 2.012363164873446869e-20
9.363486965675759711e+04 1.970903670891214434e-20
9.410304400504138903e+04 2.005693386219992323e-20
9.457355922506657953e+04 1.865193440267996509e-20
9.504642702119190653e+04 2.472542881922501373e-20
9.552165915629784286e+04 1.757191587407451519e-20
9.599926745207933709e+04 2.177175011421512812e-20
9.647926378933973319e+04 1.636319042412233283e-20
9.696166010828642175e+04 2.264612262427329850e-20
9.744646840882784454e+04 1.982353940166595819e-20
9.793370075087196892e+04 1.887347293274507924e-20
9.842336925462631916e+04 1.946954634679525843e-20
9.891548610089944850e+04 2.263641623697161870e-20
9.941006353140393912e+04 2.199030643719447349e-20
9.990711384906095918e+04 2.245754641304334201e-20
1.004066494183062459e+05 1.813423723443149221e-20
1.009086826653977769e+05 2.160839780857036612e-20
1.014132260787247506e+05 1.800961319441254827e-20
1.019202922091183427e+05 1.396093217704729032e-20
1.024298936701639323e+05 1.812322072862321891e-20
1.029420431385147240e+05 2.477194593386346669e-20
1.034567533542072924e+05 2.417684666082995137e-20
1.039740371209783189e+05 2.459892547206800060e-20
1.044939073065831908e+05 1.667557614158072829e-20
1.050163768431161006e+05 2.412729258825737648e-20
1.055414587273316574e+05 3.169635458275317785e-20
1.060691660209683178e+05 3.159442766890994365e-20
1.065995118510731554e+05 2.367416871742380147e-20
1.071325094103284937e+05 2.832111490952267776e-20
1.076681719573801383e+05 2.509496642790323907e-20
1.082065128171670221e+05 2.729891391107628391e-20
1.087475453812528576e+05 2.645883593455943101e-20
1.092912831081591139e+05 2.789009215279695939e-20
1.098377395236998855e+05 2.236927664160343215e-20
1.103869282213183760e+05 2.730860699362843084e-20
1.109388628624249541e+05 2.818128659530863163e-20
1.114935571767370857e+05 2.691671998358749527e-20
1.120510249626207515e+05 9.149925914208932918e-21
1.126112800874338427e+05 2.898113264650993825e-20
1.131743364878710127e+05 2.724596534662881316e-20
1.137402081703103613e+05 2.919514238075661755e-20
1.143089092111618957e+05 3.216183017091958028e-20
1.148804537572176923e+05 2.819752272255270161e-20
1.154548560260037775e+05 2.983985299933180066e-20
1.160321303061337821e+05 3.250543171036976745e-20
1.166122909576644452e+05 3.324394764430759812e-20
1.171953524124527758e+05 3.412575797241745491e-20
1.177813291745150054e+05 3.455069441512314487e-20
1.183702358203875920e+05 3.425872116319109723e-20
1.189620869994895183e+05 3.221414123871898230e-20
1.195568974344869494e+05 3.634643515902129199e-20
1.201546819216593722e+05 3.759364017218279781e-20
1.207554553312676580e+05 2.819182026789549282e-20
1.213592326079239865e+05 3.801504455623242581e-20
1.219660287709635886e+05 3.515333524087483666e-20
1.225758589148183964e+05 3.165282286386227738e-20
1.231887382093924680e+05 3.606327081344678895e-20
1.238046819004394347e+05 3.127624222489538902e-20
1.244237053099415934e+05 3.858434113745409206e-20
1.250458238364913122e+05 3.716380092957962622e-20
1.256710529556737456e+05 3.260955401411716689e-20
1.262994082204520964e+05 3.122385756868858798e-20
1.269309052615543478e+05 3.757433998979512023e-20
1.275655597878621193e+05 3.357032568275783758e-20
1.282033875868014002e+05 3.923310276311957671e-20
1.288444045247354079e+05 3.641855988328432872e-20
1.294886265473590465e+05 3.183526857081830900e-20
1.301360696800958394e+05 3.889454652613000756e-20
1.307867500284963171e+05 3.592154543216871144e-20
1.314406837786387769e+05 3.695283886563288507e-20
1.320978871975319344e+05 4.068650906786410349e-20
1.327583766335195978e+05 3.975274169758066377e-20
1.334221685166872048e+05 3.773397471910532572e-20
1.340892793592706148e+05 3.881575061681010504e-20
1.347597257560669386e+05 3.601901610309973537e-20
1.354335243848472892e+05 3.544307188754545776e-20
1.361106920067715109e+05 3.806345145955364924e-20
1.367912454668053542e+05 4.008062854214225187e-20
1.374752016941393376e+05 3.995962628051876913e-20
1.381625777026100259e+05 4.235014363467070075e-20
1.388533905911230540e+05 3.935406629424933884e-20
1.395476575440786546e+05 3.638884326799653608e-20
1.402453958317990182e+05 4.068615223060496052e-20
1.409466228109580115e+05 3.758278220891762492e-20
1.416513559250127582e+05 4.028840942911611484e-20
1.423596127046378097e+05 4.075066426352957213e-20
1.430714107681609748e+05 3.888581291678240663e-20
1.437867678220017697e+05 4.169728126000416210e-20
1.445057016611117579e+05 3.980257068440821282e-20
1.452282301694173075e+05 3.794314439772652523e-20
1.459543713202643557e+05 4.024755052092967298e-20
1.466841431768656767e+05 4.101166423688511448e-20
1.474175638927499822e+05 3.964890004696098581e-20
1.481546517122137011e+05 4.033333188267640692e-20
1.488954249707747658e+05 4.767667099380690983e-20
1.496399020956286404e+05 5.723884689796213367e-20
1.503881016061067639e+05 6.330909030029536966e-20
1.511400421141372935e+05 7.725706813085575807e-20
1.518957423247079423e+05 3.904272891247842125e-20
1.526552210363314662e+05 8.313457115770310835e-20
1.534184971415131295e+05 4.005640505921704715e-20
1.541855896272206737e+05 8.701222009398652735e-20
1.549565175753567601e+05 8.314276486612243834e-20
1.557313001632335072e+05 6.524163318050732338e-20
1.565099566640496487e+05 9.448823174900568890e-20
1.572925064473698731e+05 6.188236974799794352e-20
1.580789689796067250e+05 8.941247530802609743e-20
1.588693638245047478e+05 5.220304487013903545e-20
1.596637106436272443e+05 9.972337083187921823e-20
1.604620291968453676e+05 1.033941386291850251e-19
1.612643393428295967e+05 1.004722229529674008e-19
1.620706610395437165e+05 1.013965909777561420e-19
1.628810143447414157e+05 1.001448392777062975e-19
1.636954194164650980e+05 7.387533712224718174e-20
1.645138965135473991e+05 9.081898348586348748e-20
1.653364659961151483e+05 1.010027960735075356e-19
1.661631483260956884e+05 9.946953888215378737e-20
1.669939640677261632e+05 9.734748675853225349e-20
1.678289338880647847e+05 9.679375462722082497e-20
1.686680785575050686e+05 1.047116953923157059e-19
1.695114189502925728e+05 1.013471195637435105e-19
1.703589760450439935e+05 9.712400377181227499e-20
1.712107709252692002e+05 9.904741698594564301e-20
1.720668247798955417e+05 9.030217626589885093e-20
1.729271589037950325e+05 7.852075921227105493e-20
1.737917946983139846e+05 7.431415582592759304e-20
1.746607536718055489e+05 9.648019811993422323e-20
1.755340574401645863e+05 9.673063161247897119e-20
1.764117277273653890e+05 1.038518900795848217e-19
1.772937863660021976e+05 9.596047210359078111e-20
1.781802552978321910e+05 9.797478807635955162e-20
1.790711565743213287e+05 9.954755563692015640e-20
1.799665123571929289e+05 1.002732884101105261e-19
1.808663449189788371e+05 1.000928876907352103e-19
1.817706766435737081e+05 1.007374415350095355e-19
1.826795300267915591e+05 1.027502580621496070e-19
1.835929276769254648e+05 9.876465935712791182e-20
1.845108923153100768e+05 1.018535058366532451e-19
1.854334467768865870e+05 9.905662696734422087e-20
1.863606140107710380e+05 1.011063872752386620e-19
1.872924170808248455e+05 1.000355080731149105e-19
1.882288791662289295e+05 9.618923414689233905e-20
1.891700235620600579e+05 9.700098809668969751e-20
1.901158736798703321e+05 9.756064175449609585e-20
1.910664530482696719e+05 9.918500245455702821e-20
1.920217853135110345e+05 9.926779114592941677e-20
1.929818942400785745e+05 9.629760929197899262e-20
1.939468037112789461e+05 8.066854924937365862e-20
1.949165377298352832e+05 8.364257577201565833e-20
1.958911204184844682e+05 9.453423646967841154e-20
1.968705760205768747e+05 9.061402859241984792e-20
1.978549289006797480e+05 9.826021500233189233e-20
1.988442035451831180e+05 9.795058104655326807e-20
1.998384245629090001e+05 9.392612433688859083e-20
2.008376166857235366e+05 9.308641034837555236e-20
2.018418047691521351e+05 9.104221652898631220e-20
2.028510137929978664e+05 9.275476188203158263e-20
2.038652688619628316e+05 8.826194429974534425e-20
2.048845952062726428e+05 8.888019794724454765e-20
2.059090181823039893e+05 8.984551381710666280e-20
2.069385632732154918e+05 9.129947637544334432e-20
2.079732560895815550e+05 9.066149548066719520e-20
2.090131223700294213e+05 8.649278007168437047e-20
2.100581879818795132e+05 8.926469756566236779e-20
2.111084789217888901e+05 8.972445520627881970e-20
2.121640213163978187e+05 9.181526742923671512e-20
2.132248414229797781e+05 9.090898726554391364e-20
2.142909656300946372e+05 9.313636831662336014e-20
2.153624204582450911e+05 9.126856090500633930e-20
2.164392325605363294e+05 8.922301352039164693e-20
2.175214287233389914e+05 9.210483498958061972e-20
2.186090358669556445e+05 9.007039743098773012e-20
2.197020810462904046e+05 8.904405473791909720e-20
2.208005914515217883e+05 8.977122512240836492e-20
2.219045944087794051e+05 9.035678012700852351e-20
2.230141173808232707e+05 8.867280508434677965e-20
2.241291879677273682e+05 8.998286889671048939e-20
2.252498339075659460e+05 8.782170797520544504e-20
2.263760830771037727e+05 8.486750725016611952e-20
2.275079634924893035e+05 8.765719821576431494e-20
2.286455033099517168e+05 8.791891818651447345e-20
2.297887308265014144e+05 8.595824254223114750e-20
2.309376744806338975e+05 8.730549202442177387e-20
2.320923628530370188e+05 8.575884163485964194e-20
2.332528246673021640e+05 8.668756489439434228e-20
2.344190887906386633e+05 8.596061526922110652e-20
2.355911842345918121e+05 8.152093531926276643e-20
2.367691401557647332e+05 8.473304414233009642e-20
2.379529858565435279e+05 8.403626390086150613e-20
2.391427507858262397e+05 8.487171696869664725e-20
2.403384645397553395e+05 8.377836626729552932e-20
2.415401568624540814e+05 8.418702028794030589e-20
2.427478576467663515e+05 8.543398133532564364e-20
2.439615969350001542e+05 7.926973765567290860e-20
2.451814049196751148e+05 8.362149367880931690e-20
2.464073119442734751e+05 7.865171981988513015e-20
2.476393485039948137e+05 8.254290155976497198e-20
2.488775452465147828e+05 8.144446277782088121e-20
2.501219329727473087e+05 7.749325096932703503e-20
2.513725426376110117e+05 8.229347647893940729e-20
2.526294053507990611e+05 7.791606586888713486e-20
2.538925523775530164e+05 8.020316418980466581e-20
2.551620151394407440e+05 7.957050962448336636e-20
2.564378252151379129e+05 7.893215595601709089e-20
2.577200143412135658e+05 8.034864376554088010e-20
2.590086144129195891e+05 7.894639700307442884e-20
2.603036574849841709e+05 7.793352243389326239e-20
2.616051757724090712e+05 7.325708749704638385e-20
2.629132016512710834e+05 7.156657402526760661e-20
2.642277676595274243e+05 7.416872334497981723e-20
2.655489064978250535e+05 7.539812953312494998e-20
2.668766510303141549e+05 7.573464876085804682e-20
2.682110342854656628e+05 7.535013954235682754e-20
2.695520894568930380e+05 7.434539456620868998e-20
2.708998499041774194e+05 7.555834039662156475e-20
2.722543491536983056e+05 7.425748170285132456e-20
2.736156208994667977e+05 7.374342037447490476e-20
2.749836990039640805e+05 7.441425865559767962e-20
2.763586174989838619e+05 7.291469435084750155e-20
2.777404105864787707e+05 7.303957253000288801e-20
2.791291126394111197e+05 7.317313470172929747e-20
2.805247582026081509e+05 7.000943569201193861e-20
2.819273819936211803e+05 7.141756939776430166e-20
2.833370189035892836e+05 7.006943398865565802e-20
2.847537039981071721e+05 7.023872462430761109e-20
2.861774725180976675e+05 7.148112801813285313e-20
2.876083598806881346e+05 7.036318637664566653e-20
2.890464016800915706e+05 7.193604682050981255e-20
2.904916336884919438e+05 7.220709651339617460e-20
2.919440918569343630e+05 7.114979348832673189e-20
2.934038123162190313e+05 7.159126933596732466e-20
2.948708313778000884e+05 7.272005987653314714e-20
2.963451855346889934e+05 7.072327538280628115e-20
2.978269114623624482e+05 7.219601667925673244e-20
2.993160460196742206e+05 7.234752374018818965e-20
3.008126262497726129e+05 7.169302618877508502e-20
3.023166893810214242e+05 7.122042337046633089e-20
3.038282728279264993e+05 7.093629177677241038e-20
3.053474141920660622e+05 6.991257307135943648e-20
3.068741512630263460e+05 6.960592421572538219e-20
3.084085220193414716e+05 6.776271289491385942e-20
3.099505646294381586e+05 6.847857820489383013e-20
3.115003174525853246e+05 6.828979253631718002e-20
3.130578190398481674e+05 6.707523385565419442e-20
3.146231081350474269e+05 6.782594428686702144e-20
3.161962236757226055e+05 6.570077087320989661e-20
3.177772047941011842e+05 6.524948058012040816e-20
3.193660908180716215e+05 6.625881627171115019e-20
3.209629212721619988e+05 6.536755669271225000e-20
3.225677358785227407e+05 6.499798705478477396e-20
3.241805745579153299e+05 6.559747146863148592e-20
3.258014774307048647e+05 6.405196368041503746e-20
3.274304848178583779e+05 6.453892398663479409e-20
3.290676372419475811e+05 5.946557588255034427e-20
3.307129754281573114e+05 6.319609674116363503e-20
3.323665403052980546e+05 6.432420143348882844e-20
3.340283730068244622e+05 6.452271674323299177e-20
3.356985148718585842e+05 6.362783745828221472e-20
3.373770074462177581e+05 6.204060669521842793e-20
3.390638924834487843e+05 6.404454447947772907e-20
3.407592119458660600e+05 6.408550938845194760e-20
3.424630080055953003e+05 6.405763550043871677e-20
3.441753230456233141e+05 6.126844693167232270e-20
3.458961996608513873e+05 6.031796168871968608e-20
3.476256806591555360e+05 6.185477107201313825e-20
3.493638090624513570e+05 6.024352073056764076e-20
3.511106281077635358e+05 6.222280580798740405e-20
3.528661812483023386e+05 6.182495484672345289e-20
3.546305121545437723e+05 5.610915720635440265e-20
3.564036647153164959e+05 6.146251564207016561e-20
3.581856830388929811e+05 6.127862777001167839e-20
3.599766114540874260e+05 5.630022449885849428e-20
3.617764945113577996e+05 6.090036686053747415e-20
3.635853769839145243e+05 6.017824474896871585e-20
3.654033038688341039e+05 6.122418111534343996e-20
3.672303203881782247e+05 6.053569547144059642e-20
3.690664719901190838e+05 5.353333323382557634e-20
3.709118043500696658e+05 5.837635818376403505e-20
3.727663633718199562e+05 5.875987234359693689e-20
3.746301951886789757e+05 5.816128672386201651e-20
3.765033461646224023e+05 5.762785421262741800e-20
3.783858628954454325e+05 5.778462896693228878e-20
3.802777922099226853e+05 5.674916139425109418e-20
3.821791811709722970e+05 5.365584895394323115e-20
3.840900770768270595e+05 5.686450556988527087e-20
3.860105274622112047e+05 5.615139001449044465e-20
3.879405800995221944e+05 5.628441521353592399e-20
3.898802830000197864e+05 5.518127504396694965e-20
3.918296844150198158e+05 5.542377149153306090e-20
3.937888328370949021e+05 5.544721902036166917e-20
3.957577770012802794e+05 5.487059627214977972e-20
3.977365658862866112e+05 5.478854465332312960e-20
3.997252487157180440e+05 5.391593347825752948e-20
4.017238749592966051e+05 5.222539078492602302e-20
4.037324943340930622e+05 5.233473774741973715e-20
4.057511568057635450e+05 5.297879074093200258e-20
4.077799125897922204e+05 5.266221262357755368e-20
4.098188121527411276e+05 5.291217283388502487e-20
4.118679062135048443e+05 5.291696731034867529e-20
4.139272457445723703e+05 5.241378922802800048e-20
4.159968819732951815e+05 5.176269113597840083e-20
4.180768663831616286e+05 5.140786451813328770e-20
4.201672507150773890e+05 5.088734211109809604e-20
4.222680869686527876e+05 5.033549725053167364e-20
4.243794274034959381e+05 5.004198767647151876e-20
4.265013245405134512e+05 4.908892816270515661e-20
4.286338311632159166e+05 4.926006848186412320e-20
4.307770003190319403e+05 4.915009107106162127e-20
4.329308853206271306e+05 4.808159395157482950e-20
4.350955397472302429e+05 4.692759364270470009e-20
4.372710174459662521e+05 4.533886570956461133e-20
4.394573725331960013e+05 4.534931607691615161e-20
4.416546593958619633e+05 4.553484217926079085e-20
4.438629326928412775e+05 4.552283502853055409e-20
4.460822473563053645e+05 4.549221531848308544e-20
4.483126585930868750e+05 4.543327126350489498e-20
4.505542218860523426e+05 4.485664188169387283e-20
4.528069929954825202e+05 4.439627288820393879e-20
4.550710279604599345e+05 4.398428894020981062e-20
4.573463831002621446e+05 4.345337825166926738e-20
4.596331150157634402e+05 4.427901142625883763e-20
4.619312805908422451e+05 4.400102931747473289e-20
4.642409369937963784e+05 4.358856292700885906e-20
4.665621416787652415e+05 4.290097951812252360e-20
4.688949523871590500e+05 4.248459589605479407e-20
4.712394271490947576e+05 4.198596677772970636e-20
4.735956242848402471e+05 4.132590994422601017e-20
4.759636024062643992e+05 4.129237541655439412e-20
4.783434204182956601e+05 3.996839235889726083e-20
4.807351375203870703e+05 4.093540747883256319e-20
4.831388132079889183e+05 3.967116700763189036e-20
4.855545072740288451e+05 4.029773814911234824e-20
4.879822798103989335e+05 4.048526894119117450e-20
4.904221912094508880e+05 3.995864834483234507e-20
4.928743021654980839e+05 3.922465851209580560e-20
4.953386736763254739e+05 3.943246751380167128e-20
4.978153670447070617e+05 3.847934401468920620e-20
5.003044438799305353e+05 3.832984161720294411e-20
5.028059660993301077e+05 3.797668191807353829e-20
5.053199959298266913e+05 3.810252121739155990e-20
5.078465959094758146e+05 3.787913817975551680e-20
5.103858288890231051e+05 3.739793291952127508e-20
5.129377580334682134e+05 3.560170909928860280e-20
5.155024468236354878e+05 3.693631426720826824e-20
5.180799590577536728e+05 3.693479376014661060e-20
5.206703588530423585e+05 3.696598552790211675e-20
5.232737106473074527e+05 3.648336926388176497e-20
5.258900792005439289e+05 3.610750677043707976e-20
5.285195295965466648e+05 3.599403630305481610e-20
5.311621272445293143e+05 3.530494095636566205e-20
5.338179378807519097e+05 3.502700199571101431e-20
5.364870275701556820e+05 3.541592787089790722e-20
5.391694627080063801e+05 3.529686846014187331e-20
5.418653100215463201e+05 3.464370052226334096e-20
5.445746365716540022e+05 3.393856824683570337e-20
5.472975097545121098e+05 3.429853316215478662e-20
5.500339973032847047e+05 3.402989864241879167e-20
5.527841672898010584e+05 3.407861616706235054e-20
5.555480881262499606e+05 3.354921486459291788e-20
5.583258285668811295e+05 3.251580007033919896e-20
5.611174577097154688e+05 3.241642912676951123e-20
5.639230449982640566e+05 3.132634967981702409e-20
5.667426602232552832e+05 3.132262580825819413e-20
5.695763735243715346e+05 3.155955636844366889e-20
5.724242553919933271e+05 3.132504635925200018e-20
5.752863766689532204e+05 3.179343018134255290e-20
5.781628085522979964e+05 3.084535731393972442e-20
5.810536225950593362e+05 3.032040678264989404e-20
5.839588907080345089e+05 3.075990308207586602e-20
5.868786851615746273e+05 2.981223668759947703e-20
5.898130785873824498e+05 2.968371715069245381e-20
5.927621439803192625e+05 3.024691155115888378e-20
5.957259547002208419e+05 3.003289181987028681e-20
5.987045844737219159e+05 3.025543280009685814e-20
6.016981073960904032e+05 2.963860188271312999e-20
6.047065979330708506e+05 2.916998602922753440e-20
6.077301309227361344e+05 3.046544758164774179e-20
6.107687815773497568e+05 3.021398348957735635e-20
6.138226254852364073e+05 2.938025272982721168e-20
6.168917386126625352e+05 2.957063853476609966e-20
6.199761973057257710e+05 2.923820760501888975e-20
6.230760782922543585e+05 2.844556344823965413e-20
6.261914586837156676e+05 2.887761293125352151e-20
6.293224159771341365e+05 2.852740298798414984e-20
6.324690280570196919e+05 2.758084992538755032e-20
6.356313731973047834e+05 2.817348119570221015e-20
6.388095300632911967e+05 2.821711055721260071e-20
6.420035777136075776e+05 2.798622876788160696e-20
6.452135956021755701e+05 2.793102908780304760e-20
6.484396635801864322e+05 2.738444174267876220e-20
6.516818618980871979e+05 2.803829664300793177e-20
6.549402712075775489e+05 2.795700266705223647e-20
6.582149725636154180e+05 2.750726086421923902e-20
6.615060474264333025e+05 2.724081764090675343e-20
6.648135776635654038e+05 2.700225000391061533e-20
6.681376455518833827e+05 2.786338760866357528e-20
6.714783337796425913e+05 2.651736960242573261e-20
6.748357254485407611e+05 2.672654901699660595e-20
6.782099040757832117e+05 2.701124228449478239e-20
6.816009535961622605e+05 2.652119715053086238e-20
6.850089583641430363e+05 2.680618042896813010e-20
6.884340031559636118e+05 2.597652132946697988e-20
6.918761731717434013e+05 2.551407934875001345e-20
6.953355540376021527e+05 2.542830018050090464e-20
6.988122318077899981e+05 2.497474933616312740e-20
7.023062929668287979e+05 2.564648159013964607e-20
7.058178244316629134e+05 2.451752430324685571e-20
7.093469135538210394e+05 2.384287264780532011e-20
7.128936481215900276e+05 2.446506180110580101e-20
7.164581163621979067e+05 2.224969350837815780e-20
7.200404069440087769e+05 2.339384715102814701e-20
7.236406089787287638e+05 2.296454254491979011e-20
7.272588120236223331e+05 2.241195032609374169e-20
7.308951060837402474e+05 2.103196879023175393e-20
7.345495816141588148e+05 2.041459244526556511e-20
7.382223295222294983e+05 2.195324587928961039e-20
7.419134411698405165e+05 2.147509267596759192e-20
7.456230083756896202e+05 2.047655714127061647e-20
7.493511234175680438e+05 1.985175862791669803e-20
7.530978790346557507e+05 1.985751440122211220e-20
7.568633684298290173e+05 1.923566886257106418e-20
7.606476852719781455e+05 2.062861338550729359e-20
7.644509236983379815e+05 1.979443385297763810e-20
7.682731783168296097e+05 1.960029684353418684e-20
7.721145442084136885e+05 2.018455417877312089e-20
7.759751169294556603e+05 1.840566698928095915e-20
7.798549925141029526e+05 1.847390647865741465e-20
7.837542674766734708e+05 1.908619383077254516e-20
7.876730388140566647e+05 1.895698200016393119e-20
7.916114040081268176e+05 1.733083774160772650e-20
7.955694610281673959e+05 1.797515259272200132e-20
7.995473083333082031e+05 1.726778342560995392e-20
8.035450448749745265e+05 1.828132870022019580e-20
8.075627700993493199e+05 1.799776036769002914e-20
8.116005839498458663e+05 1.694572710201347649e-20
8.156585868695949903e+05 1.621516006412750845e-20
8.197368798039428657e+05 1.634575367221013013e-20
8.238355642029625596e+05 1.573562447695429600e-20
8.279547420239772182e+05 1.562151459062423466e-20
8.320945157340969890e+05 1.601142544549631308e-20
8.362549883127673529e+05 1.609319315637055120e-20
8.404362632543311920e+05 1.553897638799328988e-20
8.446384445706026163e+05 1.542654254619774382e-20
8.488616367934555747e+05 1.523099046632020854e-20
8.531059449774227105e+05 1.513891773441661765e-20
8.573714747023098171e+05 1.457389661654329904e-20
8.616583320758212358e+05 1.461762742650536803e-20
8.659666237362002721e+05 1.412716179679792139e-20
8.702964568548812531e+05 1.378023911281619643e-20
8.746479391391554382e+05 1.342481112045495902e-20
8.790211788348511327e+05 1.282292004447664264e-20
8.834162847290253267e+05 1.245878471259101048e-20
8.878333661526703509e+05 1.278887273521889583e-20
8.922725329834336881e+05 1.295042598143125408e-20
8.967338956483505899e+05 1.292757555162564625e-20
9.012175651265922934e+05 1.228924391386718378e-20
9.057236529522250639e+05 1.211196506770319140e-20
9.102522712169861188e+05 1.204208133297163608e-20
9.148035325730710756e+05 1.148502332932242139e-20
9.193775502359364182e+05 1.141907834147886883e-20
9.239744379871159326e+05 1.242964364761855878e-20
9.285943101770514622e+05 1.069678254700215638e-20
9.332372817279365845e+05 1.205856370551051623e-20
9.379034681365762372e+05 1.097198852569837129e-20
9.425929854772589169e+05 1.030558941347035750e-20
9.473059504046451766e+05 1.107841446028150546e-20
9.520424801566682290e+05 1.002670320779106785e-20
9.568026925574515481e+05 1.061289149828724831e-20
9.615867060202385765e+05 1.008083861805178859e-20
9.663946395503397798e+05 8.704679335369796377e-21
9.712266127480913419e+05 8.725960066391135132e-21
9.760827458118316717e+05 8.511089091133681003e-21
9.809631595408907160e+05 8.021321715151289199e-21
9.858679753385951044e+05 7.901745491663528001e-21
9.907973152152879629e+05 7.301002994649569400e-21
9.957513017913643271e+05 6.866770932810642842e-21
1.000730058300320990e+06 6.883661886248154533e-21
1.005733708591822535e+06 6.549181918894677024e-21
1.010762377134781447e+06 6.712470117485143441e-21
1.015816189020455349e+06 6.578495091689681711e-21
1.020895269965557498e+06 6.695878235799246682e-21
1.025999746315385099e+06 6.685891668429909577e-21
1.031129745046962053e+06 6.840413063532113773e-21
1.036285393772196723e+06 6.723452290494449432e-21
1.041466820741057629e+06 7.025867286313927842e-21
1.046674154844762641e+06 6.870503247105054349e-21
1.051907525618986459e+06 7.261014991863762303e-21
1.057167063247081358e+06 6.914815852674677740e-21
1.062452898563316325e+06 7.299349007558917010e-21
1.067765163056132849e+06 7.205902248260719898e-21
1.073103988871413283e+06 6.660213169481386048e-21
1.078469508815770503e+06 6.993999170557340719e-21
1.083861856359849218e+06 6.717313739173130207e-21
1.089281165641648229e+06 7.299846949343667908e-21
1.094727571469856426e+06 7.306202964656408190e-21
1.100201209327205550e+06 7.199826501671967793e-21
1.105702215373841580e+06 6.843460850774828101e-21
1.111230726450710557e+06 7.062243106668569140e-21
1.116786880082963966e+06 7.154053941157176355e-21
1.122370814483378548e+06 6.780663061266518040e-21
1.127982668555795448e+06 6.804230969701157332e-21
1.133622581898574485e+06 6.322930517910281805e-21
1.139290694808067288e+06 5.868014699490178222e-21
1.144987148282107431e+06 6.390045307937761279e-21
1.150712084023517789e+06 6.110143105449571645e-21
1.156465644443635363e+06 5.671790984480364656e-21
1.162247972665853333e+06 5.842379259553452140e-21
1.168059212529182434e+06 5.284385480819743010e-21
1.173899508591828169e+06 5.099441857920745299e-21
1.179769006134787109e+06 4.788634744772972209e-21
1.185667851165461121e+06 4.637775778217574463e-21
1.191596190421288135e+06 4.509331825176326409e-21
1.197554171373394551e+06 4.400612562880178693e-21
1.203541942230261397e+06 4.363820360662891495e-21
1.209559651941412827e+06 4.259975239014882332e-21
1.215607450201119762e+06 4.192255918455719695e-21
1.221685487452125177e+06 4.179428417078632395e-21
1.227793914889385691e+06 4.157392090302932537e-21
1.233932884463832481e+06 4.100516669709009085e-21
1.240102548886151286e+06 4.076307040532440713e-21
1.246303061630581971e+06 4.027433825343085152e-21
1.252534576938734856e+06 3.967839843406287516e-21
1.258797249823428458e+06 3.934247686444617459e-21
1.265091236072545405e+06 3.878504790430684562e-21
1.271416692252907902e+06 3.879003284001110548e-21
1.277773775714172283e+06 3.922001409184186525e-21
1.284162644592742901e+06 3.949582635117362164e-21
1.290583457815706730e+06 4.069251861556135539e-21
1.297036375104785198e+06 4.299353914973703115e-21
1.303521556980308844e+06 5.077839166286543219e-21
1.310039164765209891e+06 6.112015227082333782e-21
1.316589360589036020e+06 6.902784911411266625e-21
1.323172307391981129e+06 7.613508470295075566e-21
1.329788168928940780e+06 6.131898417736936545e-21
1.336437109773585340e+06 4.636592972517585728e-21
1.343119295322452905e+06 4.270364422411336726e-21
1.349834891799064819e+06 3.910360062790168904e-21
1.356584066258060047e+06 3.809740794997204357e-21
1.363366986589350272e+06 3.806124320452686980e-21
1.370183821522296639e+06 3.837764696805660923e-21
1.377034740629908163e+06 3.817381903889489892e-21
1.383919914333057590e+06 3.630458720468720887e-21
1.390839513904722640e+06 3.596753146246667311e-21
1.397793711474246345e+06 3.437721505001386029e-21
1.404782680031617405e+06 3.458232938138653990e-21
1.411806593431775458e+06 3.373802263973451034e-21
1.418865626398934051e+06 3.182313351283783891e-21
1.425959954530928750e+06 3.235199303271415612e-21
1.433089754303582944e+06 3.145279573028650467e-21
1.440255203075100668e+06 3.135412633348358237e-21
1.447456479090475943e+06 3.029721960359606813e-21
1.454693761485928204e+06 2.896883309482177893e-21
1.461967230293357512e+06 2.791363917975792523e-21
1.469277066444824217e+06 2.726705737608214372e-21
1.476623451777048409e+06 2.605214820524322868e-21
1.484006569035933353e+06 2.510867876476093139e-21
1.491426601881112903e+06 2.438231612962876098e-21
1.498883734890518244e+06 2.326400347464342594e-21
1.506378153564970708e+06 2.271644019750779513e-21
1.513910044332795311e+06 2.228282470251314350e-21
1.521479594554459210e+06 2.184198349341919364e-21
1.529086992527231341e+06 2.130740907683259891e-21
1.536732427489867434e+06 2.103867610836625449e-21
1.544416089627316687e+06 2.068372645247873733e-21
1.552138170075453352e+06 2.037998686175670324e-21
1.559898860925830435e+06 2.004287424939724495e-21
1.567698355230459478e+06 1.988243849272374709e-21
1.575536847006611293e+06 1.973822137857648848e-21
1.583414531241644174e+06 1.956535891363178010e-21
1.591331603897852357e+06 1.938259650790460695e-21
1.599288261917341501e+06 1.912237026110736786e-21
1.607284703226928134e+06 1.887005668674912913e-21
1.615321126743062632e+06 1.895792546146963553e-21
1.623397732376777800e+06 1.902535061924512831e-21
1.631514721038661432e+06 1.898563850410199266e-21
1.639672294643854490e+06 1.917715963387828964e-21
1.647870656117073726e+06 1.903585478742816459e-21
1.656110009397658519e+06 1.820364084931492385e-21
1.664390559444646817e+06 1.800310378270151697e-21
1.672712512241869932e+06 1.840061257144567371e-21
1.681076074803079246e+06 1.805669027037534836e-21
1.689481455177094322e+06 1.820417884401486825e-21
1.697928862452979665e+06 1.815232882086002784e-21
1.706418506765244529e+06 1.801632285211567653e-21
1.714950599299070658e+06 1.724684342557642554e-21
1.723525352295565419e+06 1.644418935715523337e-21
1.732142979057042859e+06 1.612657372616582327e-21
1.740803693952328060e+06 1.502574259389335698e-21
1.749507712422089651e+06 1.457294564763713365e-21
1.758255250984199811e+06 1.418484942008901681e-21
1.767046527239121031e+06 1.440984628663791829e-21
1.775881759875316406e+06 1.425892869627101522e-21
1.784761168674692744e+06 1.366326823627294194e-21
1.793684974518065806e+06 1.365241463846249570e-21
1.802653399390656035e+06 1.345192116981444071e-21
1.811666666387609206e+06 1.269976847897725976e-21
1.820724999719547108e+06 1.199990910717627744e-21
1.829828624718144536e+06 1.164588518697911931e-21
1.838977767841734691e+06 1.148585416988895178e-21
1.848172656680943444e+06 1.140912818586453951e-21
1.857413519964347593e+06 1.136822963905588003e-21
1.866700587564169196e+06 1.112732291941041884e-21
1.876034090501989936e+06 1.074916982288492651e-21
1.885414260954499710e+06 1.074186363599413450e-21
1.894841332259272225e+06 1.086880220112326902e-21
1.904315538920568302e+06 1.066631260347011006e-21
1.913837116615171079e+06 1.042612191410607209e-21
1.923406302198246354e+06 1.020217246385687611e-21
1.933023333709237631e+06 1.016421417673213349e-21
1.942688450377783505e+06 9.967881423921790521e-22
1.952401892629672308e+06 9.842507386819109782e-22
1.962163902092820266e+06 9.702899053929973480e-22
1.971974721603284357e+06 9.588423153607336543e-22
1.981834595211300766e+06 9.316359346557837259e-22
1.991743768187357113e+06 9.147171341051683178e-22
2.001702487028293544e+06 9.230226547218986441e-22
2.011710999463434797e+06 9.079634608109907568e-22
2.021769554460751824e+06 8.909153615981259041e-22
2.031878402233055327e+06 8.960509214632501092e-22
2.042037794244220015e+06 9.030506945401307364e-22
2.052247983215440996e+06 9.116858022549924497e-22
2.062509223131517880e+06 9.242750212108422866e-22
2.072821769247175194e+06 9.427510011336484641e-22
2.083185878093410749e+06 9.557702857119977991e-22
2.093601807483877987e+06 9.744347275193400627e-22
2.104069816521297209e+06 9.761114548844851295e-22
2.114590165603903122e+06 9.575995844772847914e-22
2.125163116431922652e+06 9.254324976350741419e-22
2.135788932014082093e+06 8.894134983175198079e-22
2.146467876674151979e+06 8.645763409061101716e-22
2.157200216057523154e+06 8.447143037064996400e-22
2.167986217137810308e+06 8.417737818869751327e-22
2.178826148223499302e+06 8.411826564932588039e-22
2.189720278964616358e+06 8.426343530450586254e-22
2.200668880359439179e+06 8.460051992381192969e-22
2.211672224761236459e+06 8.700397916069849684e-22
2.222730585885042325e+06 8.915938871785628513e-22
2.233844238814467099e+06 9.214981476104405829e-22
2.245013460008539259e+06 9.669199472132816354e-22
2.256238527308581863e+06 1.012024302291451935e-21
2.267519719945124350e+06 1.043506396124403975e-21
2.278857318544849753e+06 1.071723479523007059e-21
2.290251605137573555e+06 1.042282478179196744e-21
2.301702863163261209e+06 1.001129140157356411e-21
2.313211377479077317e+06 9.644086891806535506e-22
2.324777434366472531e+06 9.276461662363241151e-22
2.336401321538304910e+06 9.113170841026232339e-22
2.348083328145995736e+06 8.998279336366187292e-22
2.359823744786725845e+06 9.006802277512698586e-22
2.371622863510658965e+06 9.152097952690663536e-22
2.383480977828212082e+06 9.477539020935047856e-22
2.395398382717352826e+06 1.013493504857221173e-21
2.407375374630939681e+06 1.089584074385275541e-21
2.419412251504094340e+06 1.254476667082716951e-21
2.431509312761614565e+06 1.421961088796311178e-21
2.443666859325422440e+06 1.769860736806628659e-21
2.455885193622048944e+06 2.157945641122846810e-21
2.468164619590159040e+06 2.689433817538383028e-21
2.480505442688109819e+06 3.026587515406269651e-21
2.492907969901550096e+06 2.986250584304598186e-21
2.505372509751057718e+06 2.703070708736685835e-21
2.517899372299812268e+06 2.170723330422321795e-21
2.530488869161311537e+06 1.779542606322952716e-21
2.543141313507117797e+06 1.459998578230801700e-21
2.555857020074652974e+06 1.277371139925896886e-21
2.568636305175025947e+06 1.126836557603329066e-21
2.581479486700900830e+06 1.060796195920175626e-21
2.594386884134404827e+06 1.003238464426349375e-21
2.607358818555076607e+06 9.864004063023497064e-22
2.620395612647851929e+06 9.713594252369862018e-22
2.633497590711090714e+06 9.683852847276038743e-22
2.646665078664646018e+06 9.710123427886951774e-22
2.659898404057968874e+06 9.794383581284460430e-22
2.673197896078258753e+06 9.825070508434052508e-22
2.686563885558648966e+06 9.766984626474353436e-22
2.699996704986442346e+06 9.668012748185327931e-22
2.713496688511374407e+06 9.525186518520154181e-22
2.727064171953931451e+06 9.415695331513986267e-22
2.740699492813700344e+06 9.300013138385602591e-22
2.754402990277768578e+06 9.248896487193707006e-22
2.768175005229157861e+06 9.218625743505544606e-22
2.782015880255302880e+06 9.324196151431692829e-22
2.795925959656578954e+06 9.566361492861445503e-22
2.809905589454861358e+06 9.736968052786429029e-22
2.823955117402135395e+06 1.004991959624561329e-21
2.838074892989145592e+06 1.044930295219024578e-21
2.852265267454091460e+06 1.094870807464531338e-21
2.866526593791361898e+06 1.151651807808141835e-21
2.880859226760318503e+06 1.221719140884971922e-21
2.895263522894119378e+06 1.297817909197212720e-21
2.909739840508589521e+06 1.394976150984613123e-21
2.924288539711132180e+06 1.500348243532258248e-21
2.938909982409687713e+06 1.641966165782095339e-21
2.953604532321735751e+06 1.804506704501547189e-21
2.968372554983343929e+06 2.025136655600214841e-21
2.983214417758260388e+06 2.284913454640655655e-21
2.998130489847050980e+06 2.576852967818686894e-21
3.013121142296286300e+06 2.852265279314878339e-21
3.028186748007767834e+06 3.106051512172959362e-21
3.043327681747805793e+06 3.190435742924364036e-21
3.058544320156544447e+06 3.203867875060879793e-21
3.073837041757327504e+06 3.124779635658086531e-21
3.089206226966113318e+06 3.032542798005468597e-21
3.104652258100943174e+06 2.982009923387247857e-21
3.120175519391447306e+06 2.922909458613998700e-21
3.135776396988404449e+06 2.815652073114317379e-21
3.151455278973346576e+06 2.669698224963881751e-21
3.167212555368212517e+06 2.441182746816077940e-21
3.183048618145053741e+06 2.201840669967894265e-21
3.198963861235778313e+06 1.950458363802617828e-21
3.214958680541957263e+06 1.737166315091172591e-21
3.231033473944666795e+06 1.547870159604558015e-21
3.247188641314390115e+06 1.411821017408239302e-21
3.263424584520961624e+06 1.291008056802196514e-21
3.279741707443566062e+06 1.222280676734835468e-21
3.296140415980783291e+06 1.161348650274447094e-21
3.312621118060686626e+06 1.133318061054096415e-21
3.329184223650990054e+06 1.111296538499503584e-21
3.345830144769244827e+06 1.109840065057171149e-21
3.362559295493090525e+06 1.123032476226402743e-21
3.379372091970555950e+06 1.161627686940421000e-21
3.396268952430407982e+06 1.223156481930832387e-21
3.413250297192559578e+06 1.303920678199032712e-21
3.430316548678521533e+06 1.333293534349733201e-21
3.447468131421914324e+06 1.341558066111038783e-21
3.464705472079023719e+06 1.234750799332841503e-21
3.482028999439418316e+06 1.106979389580436354e-21
3.499439144436615054e+06 9.753250231809986879e-22
3.516936340158797801e+06 8.536906030640903671e-22
3.534521021859591827e+06 7.713614476683368236e-22
3.552193626968889032e+06 6.975156030939399200e-22
3.569954595103733707e+06 6.465285648656660419e-22
3.587804368079251610e+06 6.172401804497018474e-22
3.605743389919647481e+06 5.720181771650567013e-22
3.623772106869244948e+06 5.451183507041208938e-22
3.641890967403590679e+06 5.227091351088643021e-22
3.660100422240608372e+06 5.052227127770509365e-22
3.678400924351811409e+06 4.899545434392285365e-22
3.696792928973569535e+06 4.793474161090309074e-22
3.715276893618437462e+06 4.688116202271810547e-22
3.733853278086529579e+06 4.583885903775935892e-22
3.752522544476961717e+06 4.487962064388263459e-22
3.771285157199345995e+06 4.402589026396841342e-22
3.790141582985342480e+06 4.334820192096063870e-22
3.809092290900268592e+06 4.274644498146887647e-22
3.828137752354769502e+06 4.206119409427356262e-22
3.847278441116543487e+06 4.147487005524560417e-22
3.866514833322125487e+06 4.081777396593124065e-22
3.885847407488735393e+06 4.031900636882368282e-22
3.905276644526178949e+06 3.999005266699424308e-22
3.924803027748809196e+06 3.955211923599695461e-22
3.944427042887552641e+06 3.929403820465380223e-22
3.964149178101989441e+06 3.897455824024826200e-22
3.983969923992499243e+06 3.860732601794349490e-22
4.003889773612461984e+06 3.830321491502379442e-22
4.023909222480523866e+06 3.816506450580634595e-22
4.044028768592925742e+06 3.807549414050160016e-22
4.064248912435890175e+06 3.802501176882723358e-22
4.084570156998068560e+06 3.803283820919275617e-22
4.104993007783058099e+06 3.807807644060149150e-22
4.125517972821972799e+06 3.820691124097633748e-22
4.146145562686082441e+06 3.835840931085185140e-22
4.166876290499512106e+06 3.863944650019832856e-22
4.187710671952009201e+06 3.895517880701208680e-22
4.208649225311769173e+06 3.961982924610371650e-22
4.229692471438327804e+06 4.026472650763864219e-22
4.250840933795519173e+06 4.131297238112060939e-22
4.272095138464495540e+06 4.251009112578190901e-22
4.378897516926107928e+06 5.900932169377713434e-22
4.488369954849259928e+06 1.823975066195528043e-21
4.600579203720491379e+06 9.859217190867608783e-22
4.715593683813503012e+06 7.123670284287635035e-22
4.833483525908839889e+06 7.553301597077532349e-22
4.954320614056561142e+06 7.756623971031038377e-22
5.078178629407973960e+06 8.759381303813889789e-22
5.205133095143172890e+06 5.266004426122043524e-22
5.335261422521752305e+06 4.546024801365645684e-22
5.468642958084795624e+06 4.236912710023806873e-22
5.605359032036914490e+06 3.748346576270339743e-22
5.745493007837836631e+06 3.553498367555208410e-22
5.889130333033782430e+06 3.253861895963833240e-22
6.036358591359626502e+06 3.233985019601992791e-22
6.187267556143617257e+06 3.330150380915286645e-22
6.341949245047206059e+06 3.824761313601389831e-22
6.500497976173385978e+06 4.198502015286373333e-22
6.663010425577720627e+06 4.669677962313116491e-22
6.829585686217163689e+06 4.846213686114371188e-22
7.000325328372592106e+06 4.362130097060763152e-22
7.175333461581907235e+06 3.708077991757686650e-22
7.354716798121454194e+06 3.239955595369944361e-22
7.538584718074489385e+06 3.172511738972938709e-22
7.727049336026351899e+06 2.952868291122165094e-22
7.920225569427009672e+06 2.832309394160333946e-22
8.118231208662684076e+06 2.738932468709453551e-22
8.321186988879251294e+06 2.664111225348368424e-22
8.529216663601232693e+06 2.597943124484348304e-22
8.742447080191263929e+06 2.541335937842242658e-22
8.961008257196044549e+06 2.491631238289299058e-22
9.185033463625943288e+06 2.449697743592585941e-22
9.414659300216590986e+06 2.418043898717987306e-22
9.650025782722005621e+06 2.393589754082785970e-22
9.891276427290054038e+06 2.376708870533459805e-22
1.013855833797230572e+07 2.366473908144707197e-22
1.039202229642161354e+07 2.363762732738319273e-22
1.065182285383215174e+07 2.368856646719336375e-22
1.091811842517795414e+07 2.379939166622675007e-22
1.119107138580740429e+07 2.397726980617235860e-22
1.147084817045258731e+07 2.420736884912946364e-22
1.175761937471389957e+07 2.448885545518342107e-22
1.205155985908174701e+07 2.479263906591105656e-22
1.235284885555879027e+07 2.510708832418735873e-22
1.266167007694775984e+07 2.541583439896855461e-22
1.297821182887145132e+07 2.571849586823666535e-22
1.330266712459323555e+07 2.603266425709932374e-22
1.363523380270806327e+07 2.617837008245004409e-22
1.397611464777576551e+07 2.637264639896767483e-22
1.432551751397015713e+07 2.650132153056841996e-22
1.468365545181941055e+07 2.659105246880130661e-22
1.505074683811489493e+07 2.664990057339364307e-22
1.542701550906776451e+07 2.668852568535159581e-22
1.581269089679445885e+07 2.671012066704880062e-22
1.620800816921431758e+07 2.674505003919240973e-22
1.661320837344467454e+07 2.680182351941959705e-22
1.702853858278078586e+07 2.690275274426059981e-22
1.745425204735030606e+07 2.704685129471858182e-22
1.789060834853406250e+07 2.726126907248818867e-22
1.833787355724741518e+07 2.754675182439136767e-22
1.879632039617859572e+07 2.791600713409146592e-22
1.926622840608306229e+07 2.837117457541794946e-22
1.974788411623513699e+07 2.892549289042026534e-22
2.024158121914101020e+07 2.957356096151794774e-22
2.074762074961953238e+07 3.033308828622017364e-22
2.126631126836001873e+07 3.119208814987129797e-22
2.179796905006901920e+07 3.214595764198046032e-22
2.234291827632074058e+07 3.319460770921564176e-22
2.290149123322875798e+07 3.434164884021858095e-22
2.347402851405947655e+07 3.557688710814757486e-22
2.406087922691095620e+07 3.689119276313098170e-22
2.466240120758372918e+07 3.825446549140645193e-22
2.527896123777331784e+07 3.968690065146537125e-22
2.591093526871765032e+07 4.117043957081057865e-22
2.655870865043558553e+07 4.267228594466398929e-22
2.722267636669647321e+07 4.420106104217232920e-22
2.790324327586388588e+07 4.572114244504672020e-22
2.860082435776048154e+07 4.722308043972224426e-22
2.931584496670448780e+07 4.870969897319087958e-22
3.004874109087210149e+07 5.013734639354530070e-22
3.079995961814390123e+07 5.148819541435058562e-22
3.156995860859749466e+07 5.277843330006081459e-22
3.235920757381242514e+07 5.396559012065514895e-22
3.316818776315773278e+07 5.505985966830563720e-22
3.399739245723667741e+07 5.605123495913366313e-22
3.484732726866758615e+07 5.691634689644103786e-22
3.571851045038427413e+07 5.778462537329811530e-22
3.661147321164387465e+07 5.825076308092648842e-22
3.752676004193497449e+07 5.870629559539731876e-22
3.846492904298334569e+07 5.899985137582394596e-22
3.942655226905792207e+07 5.914113942241625631e-22
4.041221607578437030e+07 5.913681026095373988e-22
4.142252147767896950e+07 5.896796780502178340e-22
4.245808451462094486e+07 5.865951831073999685e-22
4.351953662748646736e+07 5.822934786852599775e-22
4.460752504317364097e+07 5.767496713628515086e-22
4.572271316925297678e+07 5.703252917229751664e-22
4.686578099848429859e+07 5.632005258908478057e-22
4.803742552344639599e+07 5.551404355762516952e-22
4.923836116153255850e+07 5.471412439693050197e-22
5.046932019057086855e+07 5.380049187134718372e-22
5.173105319533513486e+07 5.292908666734357505e-22
5.302432952521850169e+07 5.203180434680025369e-22
5.434993776334896684e+07 5.099549106484217526e-22
5.570868620743268728e+07 4.956327533319631782e-22
5.710140336261849850e+07 4.758591232020843015e-22
5.852893844668395817e+07 4.529401861952810123e-22
5.999216190785104036e+07 4.294808062312540469e-22
6.149196595554731786e+07 4.066619139719528863e-22
6.302926510443598777e+07 3.850239861306664413e-22
6.460499673204688728e+07 3.635416328127894093e-22
6.622012165034805238e+07 3.430964926130097358e-22
6.787562469160674512e+07 3.233521608286913047e-22
6.957251530889691412e+07 3.042995026792791595e-22
7.131182819161932170e+07 2.857931019034778307e-22
7.309462389640979469e+07 2.679805675814497771e-22
7.492198949382002652e+07 2.508343430706774782e-22
7.679503923116551340e+07 2.342700914802493583e-22
7.871491521194463968e+07 2.184611004284336786e-22
8.068278809224325418e+07 2.033124366583414110e-22
8.269985779454933107e+07 1.888513578818909489e-22
8.476735423941306770e+07 1.750597432923167961e-22
8.688653809539838135e+07 1.619814515012798605e-22
8.905870154778333008e+07 1.496090011312871275e-22
9.128516908647790551e+07 1.379740420682193967e-22
9.356729831363984942e+07 1.269970097388285145e-22
9.590648077148082852e+07 1.167056873138901228e-22
9.830414279076784849e+07 1.068927181735679843e-22
1.007617463605370373e+08 9.757868516205115260e-23
1.032807900195504576e+08 8.869899278084960147e-23
1.058628097700392008e+08 8.049608296633643672e-23
1.085093800142901838e+08 7.295359802151353777e-23
1.112221145146474242e+08 6.604173198801145287e-23
1.140026673775135875e+08 5.973051544927226373e-23
1.168527340619514287e+08 5.396765225858071427e-23
1.197740524135002196e+08 4.868801940688665077e-23
1.227684037238377035e+08 4.388725718746703671e-23
1.258376138169336319e+08 3.951742078961330373e-23
1.289835541623569727e+08 3.555053681358190407e-23
1.322081430164158642e+08 3.194190779262230861e-23
1.355133465918262601e+08 2.869105846853091617e-23
1.389011802566218972e+08 2.573055372747213526e-23
1.423737097630374432e+08 2.306274372633268698e-23
1.459330525071133971e+08 2.066048885584850183e-23
1.495813788197911978e+08 1.848868834518935890e-23
1.533209132902859747e+08 1.653259978257379332e-23
1.571539361225430965e+08 1.477912496564747161e-23
1.610827845256066620e+08 1.320116610443357906e-23
1.651098541387468278e+08 1.178136199803158205e-23
1.692376004922154844e+08 1.051431267053856986e-23
1.734685405045208633e+08 9.374654797571231814e-24
1.778052540171338916e+08 8.352343042404737871e-24
1.822503853675622046e+08 7.440886021759363987e-24
1.868066450017512441e+08 6.624661757637550281e-24
1.914768111267949939e+08 5.894747546191972676e-24
1.962637314049648941e+08 5.243001655480935534e-24
2.011703246900889874e+08 4.661609148110562344e-24
2.061995828073411882e+08 4.142431452760045588e-24
2.113545723775247037e+08 3.680260120037293969e-24
2.166384366869628429e+08 3.268426242293381678e-24
2.220543976041369140e+08 2.901611945658804953e-24
2.276057575442402959e+08 2.574973424628264254e-24
2.332959014828462899e+08 2.285140871265631503e-24
2.391282990199174285e+08 2.026258818952424622e-24
2.451065064954153299e+08 1.797197082152504431e-24
2.512341691578007340e+08 1.593540278001211764e-24
2.575150233867457509e+08 1.411929874302897968e-24
2.639528989714143872e+08 1.251036899061456032e-24
2.705517214456996918e+08 1.109058182952096572e-24
2.773155144818421602e+08 9.823478377662088922e-25
2.842484023438882232e+08 8.697155448831006716e-25
2.913546124024853706e+08 7.701222165016904057e-25
2.986384777125474811e+08 6.816453031500398389e-25
3.061044396553611159e+08 6.031536364253174504e-25
3.137570506467450857e+08 5.338111895103530162e-25
3.216009769129137397e+08 4.720596250474106532e-25
3.296410013357365727e+08 4.172263744317849366e-25
3.378820263691299558e+08 3.687878257349906105e-25
3.463290770283581018e+08 3.258541940903838275e-25
3.549873039540671110e+08 2.877071767037275405e-25
3.638619865529186726e+08 2.540036602230378746e-25
3.729585362167415619e+08 2.241679088837595516e-25
3.822824996221601367e+08 1.977692066561881051e-25
3.918395621127140522e+08 1.744418708744943537e-25
4.016355511655318737e+08 1.538369474754448454e-25
4.116764399446701407e+08 1.356356616605350949e-25
4.219683509432868958e+08 1.195734742426323698e-25
4.325175597168689966e+08 1.054184805418375441e-25
4.433304987097907066e+08 9.288661540819752710e-26
4.544137611775354147e+08 8.182436739042363839e-26
4.657741052069737911e+08 7.208207387182233907e-26
4.774184578371480703e+08 6.349504976708232103e-26
4.893539192830767632e+08 5.590828619878658288e-26
5.015877672651535869e+08 4.924400970903374154e-26
5.141274614467823505e+08 4.335399860935823877e-26
5.269806479829519391e+08 3.815703814722181521e-26
5.401551641825256348e+08 3.359669362195129498e-26
5.536590432870887518e+08 2.957530339030794587e-26
5.675005193692659140e+08 2.602729395050811914e-26
5.816880323534975052e+08 2.291213981423936309e-26
5.962302331623349190e+08 2.016299351338436870e-26
6.111359889913932085e+08 1.774214630367146992e-26
6.264143887161780596e+08 1.561998509298439752e-26
6.420747484340823889e+08 1.375086957793443968e-26
6.581266171449344158e+08 1.210051139837791552e-26
6.745797825735578537e+08 1.065200341141329606e-26
6.914442771378965378e+08 9.377619893274858710e-27
7.087303840663439035e+08 8.251440251496898469e-27
7.264486436680024862e+08 7.263836590270368606e-27
7.446098597597024441e+08 6.395067849943888544e-27
7.632251062536950111e+08 5.630313894956074066e-27
7.823057339100372791e+08 4.956412492202213486e-27
8.018633772577880621e+08 4.364898624281226308e-27
8.219099616892327070e+08 3.842696157163918307e-27
8.424577107314634323e+08 3.381873897867051333e-27
8.635191534997498989e+08 2.977594579941040202e-27
8.851071323372435570e+08 2.621463898667644451e-27
9.072348106456745863e+08 2.307180150825167812e-27
9.299156809118163586e+08 2.032309702432012579e-27
9.531635729346117973e+08 1.789479223631817082e-27
9.769926622579770088e+08 1.575547505228104442e-27
1.001417478814426422e+09 1.388301346479411723e-27
1.026452915784786940e+09 1.223069973288770580e-27
1.052114238679406524e+09 1.077281183121926708e-27
1.078417094646391630e+09 9.494430810194772187e-28
1.105377522012551308e+09 8.368057145547521413e-28
1.133011960062865019e+09 7.374000091303755405e-28
1.161337259064436436e+09 6.501144771901508999e-28
1.190370690541047335e+09 5.732478215440361645e-28
1.220129957804573536e+09 5.053314873671393902e-28
1.250633206749687672e+09 4.454962451560580977e-28
1.281899036918429852e+09 3.929141177318967311e-28
1.313946512841390371e+09 3.464410745360947175e-28
1.346795175662425041e+09 3.055969646989016810e-28
1.380465055053985596e+09 2.696246673695708719e-28
1.414976681430335283e+09 2.378156219377893601e-28
1.450351098466093540e+09 2.098650183082018623e-28
1.486609875927745819e+09 1.852641203639238841e-28
1.523775122825939417e+09 1.635162434975490633e-28
1.561869500896587610e+09 1.443646585966347030e-28
1.600916238419002295e+09 1.274829925307821130e-28
1.640939144379477262e+09 1.126513959804652785e-28
1.681962622988964081e+09 9.953927642699174058e-29
1.724011688563687801e+09 8.792904683964693954e-29
1.767111980777780056e+09 7.767841297462832598e-29
1.811289780297224283e+09 6.862118588870695597e-29
1.856572024804654598e+09 6.064975020730985884e-29
1.902986325424770832e+09 5.359130731039209070e-29
1.950560983560390234e+09 4.736204605986693415e-29
1.999325008149399757e+09 4.187572397544701644e-29
2.049308133353134394e+09 3.704549757124670196e-29
2.100540836686962605e+09 3.274945318003113361e-29
2.153054357604136944e+09 2.896430581330508546e-29
2.206880716544239998e+09 2.561747575258816804e-29
2.262052734457845688e+09 2.265767684992900668e-29
2.318604052819291592e+09 2.009583526656219566e-29
2.376569154139773846e+09 1.778455004026506506e-29
2.435983382993268013e+09 1.580558860333387216e-29
2.496882967568099022e+09 1.403110427498397755e-29
2.559305041757301331e+09 1.242286345028306187e-29
2.623287667801233768e+09 1.099715286316131543e-29
2.688869859496264458e+09 9.736877333520306184e-30
2.756091605983671188e+09 8.633321121996386909e-30
2.824993896133261681e+09 7.682211872038938719e-30
2.895618743536593914e+09 6.804398144111752325e-30
2.968009212125008583e+09 6.028777954791558796e-30
3.042209442428133488e+09 5.368557826424068623e-30
3.118264678488836288e+09 4.756191359893521351e-30
3.196221295451056957e+09 4.215350472522043975e-30
3.276126827837333202e+09 3.735837923507681737e-30
3.358029998533266068e+09 3.316664304699012301e-30
3.441980748496597290e+09 2.941663625049770967e-30
3.528030267209012032e+09 2.608554056821208360e-30
3.616231023889236927e+09 2.312631286080422047e-30
3.706636799486467361e+09 2.050298490513134788e-30
3.799302719473628521e+09 1.817244514273826045e-30
3.894285287460469246e+09 1.610417607116961292e-30
3.991642419646980286e+09 1.427556299075855696e-30
4.091433480138154030e+09 9.834258641258459204e-35
