4.006706065693661856e+01 0.000000000000000000e+00
4.106873717336002017e+01 0.000000000000000000e+00
4.209545560269403097e+01 0.000000000000000000e+00
4.314784199276137144e+01 0.000000000000000000e+00
4.422653804258040822e+01 0.000000000000000000e+00
4.533220149364491647e+01 0.000000000000000000e+00
4.646550653098603334e+01 0.000000000000000000e+00
4.762714419426067991e+01 0.000000000000000000e+00
4.881782279911718803e+01 0.000000000000000000e+00
5.003826836909510689e+01 0.000000000000000000e+00
5.128922507832248812e+01 0.000000000000000000e+00
5.257145570528054179e+01 0.000000000000000000e+00
5.388574209791254788e+01 0.000000000000000000e+00
5.523288565036036601e+01 0.000000000000000000e+00
5.661370779161936184e+01 0.000000000000000000e+00
5.802905048640984376e+01 0.000000000000000000e+00
5.947977674857008168e+01 0.000000000000000000e+00
6.096677116728432821e+01 0.000000000000000000e+00
6.249094044646643198e+01 0.000000000000000000e+00
6.405321395762808834e+01 0.000000000000000000e+00
6.565454430656878060e+01 0.000000000000000000e+00
6.729590791423299834e+01 0.000000000000000000e+00
6.897830561208880340e+01 0.000000000000000000e+00
7.070276325239102277e+01 0.000000000000000000e+00
7.247033233370079586e+01 0.000000000000000000e+00
7.428209064204330048e+01 0.000000000000000000e+00
7.613914290809438512e+01 0.000000000000000000e+00
7.804262148079673977e+01 0.000000000000000000e+00
7.999368701781665436e+01 0.000000000000000000e+00
8.199352919326204869e+01 0.000000000000000000e+00
8.404336742309359920e+01 0.000000000000000000e+00
8.614445160867093421e+01 0.000000000000000000e+00
8.829806289888767878e+01 0.000000000000000000e+00
9.050551447135987360e+01 0.000000000000000000e+00
9.276815233314385978e+01 0.000000000000000000e+00
9.508735614147244064e+01 0.000000000000000000e+00
9.746454004500925805e+01 0.000000000000000000e+00
9.990115354613448062e+01 0.000000000000000000e+00
1.023986823847878327e+02 0.000000000000000000e+00
1.049586494444075271e+02 0.000000000000000000e+00
1.075826156805177050e+02 0.000000000000000000e+00
1.102721810725306284e+02 0.000000000000000000e+00
1.130289855993438977e+02 0.000000000000000000e+00
1.158547102393274884e+02 0.000000000000000000e+00
1.187510779953106663e+02 0.000000000000000000e+00
1.217198549451934468e+02 0.000000000000000000e+00
1.247628513188232660e+02 0.000000000000000000e+00
1.278819226017938462e+02 0.000000000000000000e+00
1.310789706668386998e+02 0.000000000000000000e+00
1.343559449335096474e+02 0.000000000000000000e+00
1.377148435568473701e+02 0.000000000000000000e+00
1.411577146457685501e+02 0.000000000000000000e+00
1.446866575119127276e+02 0.000000000000000000e+00
1.483038239497105337e+02 0.000000000000000000e+00
1.520114195484532900e+02 0.000000000000000000e+00
1.558117050371646144e+02 0.000000000000000000e+00
1.597069976630937163e+02 0.000000000000000000e+00
1.636996726046710648e+02 0.000000000000000000e+00
1.677921644197878095e+02 0.000000000000000000e+00
1.719869685302825246e+02 0.000000000000000000e+00
1.762866427435395451e+02 0.000000000000000000e+00
1.806938088121280543e+02 0.000000000000000000e+00
1.852111540324312671e+02 0.000000000000000000e+00
1.898414328832420210e+02 0.000000000000000000e+00
1.945874687053230616e+02 0.000000000000000000e+00
1.994521554229561104e+02 0.000000000000000000e+00
2.044384593085300139e+02 0.000000000000000000e+00
2.095494207912432216e+02 0.000000000000000000e+00
2.147881563110243235e+02 0.000000000000000000e+00
2.201578602187998968e+02 0.000000000000000000e+00
2.256618067242698658e+02 8.670394600807984589e-72
2.313033518923765826e+02 1.268426900720107274e-70
2.370859356896859822e+02 7.090467688930057421e-70
2.430130840819280991e+02 3.251625758586476886e-69
2.490884111839762909e+02 1.381160744907053295e-68
2.553156214635756953e+02 5.432145181627882944e-68
2.616985120001650671e+02 5.723501050943061431e-67
2.682409748001691128e+02 7.261760674721570480e-66
2.749469991701733420e+02 3.665508399291249901e-65
2.818206741494277026e+02 1.471366075752635291e-64
2.888661910031632942e+02 5.263817774759145936e-64
2.960878457782423538e+02 1.748852158572291071e-63
3.034900419226984241e+02 2.163809935279362293e-62
3.110772929707658250e+02 9.860839078382720828e-62
3.188542252950349507e+02 4.015840269252275308e-61
3.268255809274108401e+02 1.458449121909006989e-60
3.349962204505960131e+02 1.027817548192431338e-59
3.433711259618609120e+02 6.729549531530654087e-59
3.519554041109074092e+02 2.427057117337045179e-58
3.607542892136800106e+02 7.290943730873805075e-58
3.697731464440220179e+02 2.748432598009654974e-57
3.790174751051225144e+02 1.356075349259395661e-56
3.884929119827505701e+02 4.598375936184847875e-56
3.982052347823192804e+02 1.327161104909766086e-55
4.081603656518771572e+02 4.575514414432750293e-55
4.183643747931740791e+02 1.554380819269217289e-54
4.288234841630034566e+02 4.295223811652155377e-54
4.395440712670784364e+02 1.135255617100657443e-53
4.505326730487553846e+02 3.586794089903491113e-53
4.617959898749742820e+02 1.013834615817844458e-52
4.733408896218486461e+02 2.449857217153639335e-52
4.851744118623947202e+02 7.103976562930794110e-52
4.973037721589545868e+02 1.885321380895975478e-51
5.097363664629284017e+02 3.977007244498561546e-51
5.224797756245015989e+02 7.680681527110591881e-51
5.355417700151141389e+02 1.417503254974882150e-50
5.489303142654919156e+02 2.601915795615897252e-50
5.626535721221291624e+02 4.701599239026559016e-50
5.767199114251823175e+02 1.096487236106249917e-49
5.911379092108118130e+02 1.915881183017499318e-49
6.059163569410820855e+02 3.430365196443050460e-49
6.210642658646090695e+02 5.077539439084258430e-49
6.365908725112242337e+02 1.107824072243805834e-48
6.525056443240048338e+02 1.632131902864093297e-48
6.688182854321048580e+02 1.984337597453510592e-48
6.855387425679075477e+02 2.599743995447193417e-48
7.026772111321051852e+02 4.312464777525681600e-48
7.202441414104076784e+02 4.112059665898376233e-48
7.382502449456678733e+02 3.761641467890496418e-48
7.567065010693095246e+02 4.336244971685690637e-48
7.756241635960420808e+02 5.063287209291724590e-48
7.950147676859431840e+02 4.702595713159479171e-48
8.148901368780916528e+02 4.384057941055754913e-48
8.352623903000437622e+02 2.593980864328904847e-48
8.561439500575447710e+02 1.974431333218741871e-48
8.775475488089832652e+02 1.055974405467075920e-48
8.994862375292077559e+02 7.166789144951284096e-49
9.219733934674378588e+02 4.473698652269494117e-49
9.450227283041238024e+02 2.070135976547668452e-49
9.686482965117266986e+02 1.445871687001277492e-49
9.928645039245197950e+02 9.956328207235385506e-50
1.017686116522632915e+03 1.638899144897641989e-49
1.043128269435698712e+03 6.321680085766602748e-49
1.069206476171591021e+03 2.973090470272984104e-48
1.095936638075880637e+03 1.248263989790554475e-47
1.123335054027777687e+03 4.753013230963075742e-47
1.151418430378471840e+03 1.948880877553022545e-46
1.180203891137933624e+03 8.367792136443536842e-46
1.209708988416381999e+03 3.105428550267717854e-45
1.239951713126791219e+03 1.088290137902703757e-44
1.270950505954961045e+03 3.902655022503767856e-44
1.302724268603834844e+03 1.516830197216655585e-43
1.335292375318930453e+03 5.385287960885045738e-43
1.368674684701903743e+03 1.759077032410154294e-42
1.402891551819451479e+03 4.814327724436160995e-42
1.437963840614937681e+03 1.439747454522901174e-41
1.473912936630311151e+03 3.831216893271230138e-41
1.510760760046068754e+03 1.091492838817823990e-40
1.548529779047220472e+03 2.806131928121955010e-40
1.587243023523401007e+03 7.460282388278819787e-40
1.626924099111485702e+03 1.738248011125574247e-39
1.667597201589272800e+03 4.479327355490465799e-39
1.709287131629004307e+03 1.194299714115777971e-38
1.752019309919729039e+03 3.584781399006334548e-38
1.795819792667722368e+03 1.102088405338213780e-37
1.840715287484415285e+03 2.749524122385857995e-37
1.886733169671525502e+03 7.149416492279933262e-37
1.933901498913313389e+03 1.895636814495151417e-36
1.982249036386145917e+03 4.509365115545337642e-36
2.031805262295799594e+03 1.070929199580640295e-35
2.082600393853194419e+03 2.677641467965672192e-35
2.134665403699524177e+03 5.880719857324569756e-35
2.188032038792011917e+03 1.368432648672773574e-34
2.242732839761812102e+03 3.063329102997258453e-34
2.298801160755857381e+03 6.962363428064659174e-34
2.356271189774753566e+03 1.520092547867636730e-33
2.415177969519122144e+03 3.211184813345857083e-33
2.475557418757100095e+03 6.560175740133564218e-33
2.537446354226027324e+03 1.325193789821063545e-32
2.600882513081678098e+03 2.633664084826928777e-32
2.665904575908719380e+03 5.202756983365277566e-32
2.732552190306437296e+03 9.919680089173125511e-32
2.800865995064098570e+03 1.868412918530454655e-31
2.870887644940700739e+03 3.556911430739694606e-31
2.942659836064217870e+03 8.118550195133284034e-31
3.016226331965822737e+03 1.761956349751072503e-30
3.091631990264968408e+03 3.034431709889385445e-30
3.168922790021592391e+03 5.607641569582653089e-30
3.248145859772132553e+03 9.968812902132705659e-30
3.329349506266435583e+03 1.677697034111158052e-29
3.412583243923096234e+03 3.583398631059803128e-29
3.497897825021173503e+03 7.565284186006219358e-29
3.585345270646702829e+03 1.551010857677845871e-28
3.674978902412869957e+03 2.814224282608868426e-28
3.766853374973191421e+03 4.475733077664960658e-28
3.861024709347520911e+03 6.867672914420992517e-28
3.957550327081208252e+03 1.091051558565931954e-27
4.056489085258238447e+03 1.644434593799109733e-27
4.157901312389693885e+03 2.379911993000410570e-27
4.261848845199436255e+03 3.581920939930802659e-27
4.368395066329422662e+03 6.017619744837945559e-27
4.477604942987657523e+03 8.735628520868957975e-27
4.589545066562348438e+03 1.144061298180806101e-26
4.704283693226407195e+03 1.451931200041414675e-26
4.821890785557066920e+03 5.792833216397506890e-26
4.942438055195993002e+03 6.825734994614234696e-26
5.065999006575892054e+03 9.605949046214412209e-26
5.192648981740288946e+03 1.145744901786759097e-25
5.322465206283794942e+03 1.657939067021386088e-25
5.455526836440889383e+03 2.219919642428798262e-25
5.591915007351910390e+03 2.626395469030694695e-25
5.731712882535708559e+03 6.477476062612132677e-25
5.875005704599099772e+03 1.504082954508122836e-24
6.021880847214078130e+03 1.773666885183926763e-24
6.172427868394428515e+03 2.074776666604352823e-24
6.326738565104288682e+03 2.447789867762282634e-24
6.484907029231895649e+03 2.898880517871792040e-24
6.647029704962692449e+03 3.366681644317839495e-24
6.813205447586758964e+03 3.875137553143217466e-24
6.983535583776427302e+03 4.457397740392443592e-24
7.158123973370837120e+03 5.073063628614920136e-24
7.337077072705105820e+03 5.769025943604703606e-24
7.520503999522733466e+03 6.614256017141345863e-24
7.708516599510801825e+03 7.600585586894827186e-24
7.901229514498571007e+03 8.707302531480344726e-24
8.098760252361034873e+03 9.878625234988950485e-24
8.301229258670060517e+03 1.111408782997180944e-23
8.508759990136810302e+03 1.240982900504024250e-23
8.721478989890230878e+03 1.403354054993129068e-23
8.939515964637485013e+03 1.367058162717576309e-23
9.163003863753421683e+03 6.478937646713294919e-24
9.392078960347254906e+03 6.555095949745681968e-24
9.626880934355936915e+03 8.358871661784341700e-24
9.867552957714833610e+03 7.867245900423692977e-24
1.011424178165770354e+04 8.992929990264337920e-24
1.036709782619914768e+04 9.031793935222416348e-24
1.062627527185412328e+04 9.521732843419726268e-24
1.089193215365047581e+04 1.001357555735696605e-23
1.116423045749173798e+04 1.025534638594562393e-23
1.144333621892902738e+04 1.058502564212334985e-23
1.172941962440225325e+04 1.068414032343980242e-23
1.202265511501230503e+04 1.059931884915932313e-23
1.208276839058736732e+04 1.026174919421455846e-23
1.214318223254030272e+04 8.781196347560724108e-24
1.220389814370300155e+04 8.891527221608717105e-24
1.226491763442151750e+04 1.037950915562455501e-23
1.232624222259362432e+04 1.073066273331124349e-23
1.238787343370658891e+04 1.097851834894892461e-23
1.244981280087511914e+04 1.116686901263765108e-23
1.251206186487949526e+04 1.107565240312487922e-23
1.257462217420388879e+04 1.131164190554868154e-23
1.263749528507490868e+04 1.125690291919213681e-23
1.270068276150028214e+04 1.136011851422547976e-23
1.276418617530777919e+04 1.141476032935754938e-23
1.282800710618431913e+04 1.149668138073532707e-23
1.289214714171523883e+04 1.164740622498418007e-23
1.295660787742381217e+04 1.162470603831025168e-23
1.302139091681093123e+04 1.172850088823492374e-23
1.308649787139498403e+04 1.176795571042162952e-23
1.315193036075195778e+04 1.186892079600879118e-23
1.321769001255571857e+04 1.189157872565638256e-23
1.328377846261849299e+04 1.175912794843690718e-23
1.335019735493158441e+04 1.205270061198453762e-23
1.341694834170624017e+04 1.186601933887286972e-23
1.348403308341476986e+04 1.194199609983069902e-23
1.355145324883184185e+04 1.197841872638526165e-23
1.361921051507599987e+04 1.220007255126668518e-23
1.368730656765137792e+04 1.211242364783722051e-23
1.375574310048963343e+04 1.191512073304752154e-23
1.382452181599208052e+04 1.187434747965935348e-23
1.389364442507203785e+04 1.210414257948185017e-23
1.396311264719739847e+04 1.189254902558208283e-23
1.403292821043338336e+04 1.202129788277161385e-23
1.410309285148555136e+04 1.227993700812209346e-23
1.417360831574297663e+04 1.224457498662747316e-23
1.424447635732168965e+04 1.220399697618158320e-23
1.431569873910829847e+04 1.247559322564202708e-23
1.438727723280383725e+04 1.230485484449414398e-23
1.445921361896785675e+04 1.240633040729598412e-23
1.453150968706269487e+04 1.250185327868698448e-23
1.460416723549800554e+04 1.266491758107010389e-23
1.467718807167549130e+04 1.274826846485745967e-23
1.475057401203386689e+04 1.261230253496587738e-23
1.482432688209403568e+04 1.306409368775423006e-23
1.489844851650450437e+04 1.284169695861688976e-23
1.497294075908702325e+04 1.235620680470510450e-23
1.504780546288245932e+04 1.292646082553660753e-23
1.512304449019686945e+04 1.272124101264126584e-23
1.519865971264785185e+04 1.284355653367903372e-23
1.527465301121108860e+04 1.247090358348492033e-23
1.535102627626714457e+04 1.288485271248442695e-23
1.542778140764847922e+04 1.222014800919345809e-23
1.550492031468671667e+04 1.236314444156669804e-23
1.558244491626015224e+04 1.238661034218762633e-23
1.566035714084144638e+04 1.228194876782629980e-23
1.573865892654565323e+04 1.264234329787055227e-23
1.581735222117838020e+04 1.262077689502842947e-23
1.589643898228427133e+04 1.316986064306745703e-23
1.597592117719569069e+04 1.327754133628307229e-23
1.605580078308166776e+04 1.263968513042242776e-23
1.613607978699707382e+04 1.321923715129368781e-23
1.621676018593206027e+04 1.359255376646048835e-23
1.629784398686171880e+04 1.326987658390521843e-23
1.637933320679602730e+04 1.371397233046301140e-23
1.646122987283000475e+04 1.370653039343386063e-23
1.654353602219415188e+04 1.390918441845248035e-23
1.662625370230511908e+04 1.387902673372499839e-23
1.670938497081664536e+04 1.294734665375121868e-23
1.679293189567072841e+04 1.345765842841232544e-23
1.687689655514907645e+04 1.323283303135589189e-23
1.696128103792482216e+04 1.364021730739201817e-23
1.704608744311444389e+04 1.300667483533534577e-23
1.713131788033001430e+04 1.301784264845333182e-23
1.721697446973166370e+04 1.342598356049398202e-23
1.730305934208031977e+04 1.361509890402498182e-23
1.738957463879072020e+04 1.334603743915401948e-23
1.747652251198466911e+04 1.408348199426835927e-23
1.756390512454458803e+04 1.365434981340769819e-23
1.765172465016731076e+04 1.399264034046867508e-23
1.773998327341814729e+04 1.425356242377635320e-23
1.782868318978523530e+04 1.395332257939073323e-23
1.791782660573416069e+04 1.366898509912193589e-23
1.800741573876283292e+04 1.396420160483263958e-23
1.809745281745664397e+04 1.356133443224605857e-23
1.818794008154392577e+04 1.398478509151202242e-23
1.827887978195164396e+04 1.419975870759115985e-23
1.837027418086140096e+04 1.334128123437930063e-23
1.846212555176570459e+04 1.391565897381599376e-23
1.855443617952453133e+04 1.421915898878297317e-23
1.864720836042215160e+04 1.399714585154409384e-23
1.874044440222426056e+04 1.391889894156298595e-23
1.883414662423537811e+04 1.330894806928776854e-23
1.892831735735655457e+04 1.384628175079037319e-23
1.902295894414333452e+04 1.402094376134591587e-23
1.911807373886404821e+04 1.400057313624884308e-23
1.921366410755836841e+04 1.397884909155101560e-23
1.930973242809615840e+04 1.402462160470202717e-23
1.940628109023663637e+04 1.367329604421874964e-23
1.950331249568782005e+04 1.381530700765274270e-23
1.960082905816625498e+04 1.392745001282579711e-23
1.969883320345708489e+04 1.408745891873419979e-23
1.979732736947436570e+04 1.392870192263022720e-23
1.989631400632173609e+04 1.382500072126141288e-23
1.999579557635334277e+04 1.399204456259544457e-23
2.009577455423510764e+04 1.396311437459333083e-23
2.019625342700628244e+04 1.395727107341521254e-23
2.029723469414131250e+04 1.379142896675374180e-23
2.039872086761201717e+04 1.419932178224129432e-23
2.050071447195007931e+04 1.417115876361478227e-23
2.060321804430982593e+04 1.462986841493425334e-23
2.070623413453137255e+04 1.399091283267827118e-23
2.080976530520402594e+04 1.385285575544166255e-23
2.091381413173004694e+04 1.400880780454000389e-23
2.101838320238868982e+04 1.406395038616282320e-23
2.112347511840063453e+04 1.370705032756408580e-23
2.122909249399263354e+04 1.366312892359015172e-23
2.133523795646259168e+04 1.391775483521355981e-23
2.144191414624490426e+04 1.370264037735377808e-23
2.154912371697612980e+04 1.305671769169258971e-23
2.165686933556100848e+04 1.347849078496527912e-23
2.176515368223881160e+04 1.339803587335632147e-23
2.187397945065000386e+04 1.347213570077252269e-23
2.198334934790324769e+04 1.305595949188963182e-23
2.209326609464276407e+04 1.268166144777642016e-23
2.220373242511597709e+04 1.098052457607213348e-23
2.231475108724155143e+04 1.279378847487364979e-23
2.242632484267775362e+04 1.368872020250939201e-23
2.253845646689114437e+04 1.393453524598376785e-23
2.265114874922559466e+04 1.363507771829667329e-23
2.276440449297172017e+04 1.371042273119049124e-23
2.287822651543657776e+04 1.421056532102165649e-23
2.299261764801376194e+04 1.401965709091780131e-23
2.310758073625382531e+04 1.392322040378999479e-23
2.322311863993509178e+04 1.370929335850134073e-23
2.333923423313476815e+04 1.386485291624383986e-23
2.345593040430043766e+04 1.390939734923643377e-23
2.357321005632194283e+04 1.405852200765457045e-23
2.369107610660354476e+04 1.407501197437018555e-23
2.380953148713655901e+04 1.397795518266261094e-23
2.392857914457224251e+04 1.379489557548543689e-23
2.404822204029509885e+04 1.361827789877978007e-23
2.416846315049656914e+04 1.386727875617382010e-23
2.428930546624904673e+04 1.411479515881552391e-23
2.441075199358029204e+04 1.045280736729868818e-23
2.453280575354819666e+04 1.370768759073002699e-23
2.465546978231592948e+04 1.425049554549095421e-23
2.477874713122750836e+04 1.470618086655382662e-23
2.490264086688364841e+04 1.471721432499785561e-23
2.502715407121806129e+04 1.431508011124942372e-23
2.515228984157414743e+04 1.467238780660799719e-23
2.527805129078201935e+04 1.446473617605057469e-23
2.540444154723592510e+04 1.450009063528519374e-23
2.553146375497210101e+04 1.491082096658219265e-23
2.565912107374695552e+04 1.513752324756695032e-23
2.578741667911568948e+04 1.524904348761115444e-23
2.591635376251126581e+04 1.479711136320949701e-23
2.604593553132381567e+04 1.507538910569876642e-23
2.617616520898043382e+04 1.558160415244043946e-23
2.630704603502533428e+04 1.541322453235600425e-23
2.643858126520046062e+04 1.542635282597949942e-23
2.657077417152645648e+04 1.505549381605128976e-23
2.670362804238408717e+04 1.548194844027522188e-23
2.683714618259600684e+04 1.527902001134379319e-23
2.697133191350898414e+04 1.598416880647684852e-23
2.710618857307652434e+04 1.619442971542512662e-23
2.724171951594190614e+04 1.617906337869344729e-23
2.737792811352161152e+04 1.602654230714856600e-23
2.751481775408921749e+04 1.538993676027585951e-23
2.765239184285965530e+04 1.600781608403871405e-23
2.779065380207395356e+04 1.610354316078196572e-23
2.792960707108431961e+04 1.595430969551904592e-23
2.806925510643973757e+04 1.690048753582474790e-23
2.820960138197193373e+04 1.704655307792426012e-23
2.835064938888178949e+04 1.682054583828478306e-23
2.849240263582619809e+04 1.723801748997841592e-23
2.863486464900532155e+04 1.741143282026382117e-23
2.877803897225034598e+04 1.762936316859014484e-23
2.892192916711159342e+04 1.736210520897399516e-23
2.906653881294715029e+04 1.801695077091094118e-23
2.921187150701188511e+04 1.823956958328289869e-23
2.935793086454693912e+04 1.851749393290997509e-23
2.950472051886966801e+04 1.883384659927430460e-23
2.965224412146401301e+04 1.880891082276037063e-23
2.980050534207133023e+04 1.923558631377526832e-23
2.994950786878167855e+04 1.938244521752057726e-23
3.009925540812558029e+04 1.932037977226613952e-23
3.024975168516621125e+04 2.009038022430929937e-23
3.040100044359203821e+04 2.060505574274636560e-23
3.055300544580999485e+04 2.038165778212181997e-23
3.070577047303904328e+04 2.001904704306861313e-23
3.085929932540423033e+04 2.112865706596285694e-23
3.101359582203124592e+04 2.160831923285091326e-23
3.116866380114140338e+04 2.231431174666763962e-23
3.132450712014710007e+04 2.289435917118542382e-23
3.148112965574783084e+04 2.293150492746079909e-23
3.163853530402656907e+04 1.950711458035782516e-23
3.179672798054670420e+04 2.415885813358855719e-23
3.195571162044943412e+04 2.480159924071553947e-23
3.211549017855167767e+04 2.435353572202735957e-23
3.227606762944442744e+04 2.609063248998077086e-23
3.243744796759164819e+04 2.599162214288873388e-23
3.259963520742960100e+04 2.721559943394213873e-23
3.276263338346674573e+04 2.737345482625671109e-23
3.292644655038407655e+04 2.873769574476899763e-23
3.309107878313599213e+04 2.908557549238524102e-23
3.325653417705166794e+04 3.035329000451832330e-23
3.342281684793692693e+04 2.977086138095406526e-23
3.358993093217660498e+04 3.195135366404246011e-23
3.375788058683748386e+04 3.290635662662313360e-23
3.392666998977167532e+04 3.378012397680775656e-23
3.409630333972052904e+04 3.499844294686614977e-23
3.426678485641912266e+04 3.404368595237818515e-23
3.443811878070121747e+04 3.714470642173157789e-23
3.461030937460471614e+04 3.851652564231112128e-23
3.478336092147773888e+04 4.009148759016746998e-23
3.495727772608512896e+04 4.135270018510197449e-23
3.513206411471554748e+04 4.301587122009114529e-23
3.530772443528912117e+04 4.470001373936605939e-23
3.548426305746556318e+04 4.691216332751129510e-23
3.566168437275289034e+04 4.885833852064716981e-23
3.583999279461664992e+04 5.112823987039419296e-23
3.601919275858972833e+04 5.197195678128754394e-23
3.619928872238266922e+04 5.497078083467579264e-23
3.638028516599458089e+04 5.842117758059762193e-23
3.656218659182455303e+04 8.020654486928726659e-23
3.674499752478367009e+04 9.355254603138250780e-23
3.692872251240757760e+04 1.217106964721328469e-22
3.711336612496961607e+04 1.074988139180445204e-22
3.729893295559445687e+04 1.075205519043750276e-22
3.748542762037242210e+04 2.304062664859406525e-22
3.767285475847428461e+04 2.541396388335827884e-22
3.786121903226665745e+04 2.601319109654287217e-22
3.805052512742797990e+04 1.017347446029484955e-22
3.824077775306511467e+04 3.101970814720454613e-22
3.843198164183043264e+04 2.784834243946267584e-22
3.862414155003958149e+04 3.528393017357112287e-22
3.881726225778977096e+04 2.718632178198028925e-22
3.901134856907871290e+04 1.677327492601383747e-22
3.920640531192410708e+04 2.352409248474109414e-22
3.940243733848371630e+04 3.985387387771607838e-22
3.959944952517613274e+04 4.765179449632391705e-22
3.979744677280200995e+04 4.244394089227866216e-22
3.999643400666601519e+04 4.757306383812338159e-22
4.019641617669934203e+04 5.103487275905153751e-22
4.039739825758283405e+04 4.604403585122244616e-22
4.059938524887074163e+04 4.321229736161169770e-22
4.080238217511508992e+04 3.130172089174014400e-22
4.100639408599065791e+04 2.169386366010592548e-22
4.121142605642061244e+04 2.619007814463866539e-22
4.141748318670270965e+04 3.667547168727690890e-22
4.162457060263622407e+04 4.479704095664441787e-22
4.183269345564938703e+04 6.382257011986959894e-22
4.204185692292763270e+04 6.695822438588665661e-22
4.225206620754226606e+04 7.047233987421589163e-22
4.246332653857997502e+04 7.984147835140184610e-22
4.267564317127286631e+04 7.407467688736085515e-22
4.288902138712923625e+04 8.032018108646740468e-22
4.310346649406487995e+04 8.432274690202382287e-22
4.331898382653519366e+04 9.699395793889962259e-22
4.353557874566787359e+04 7.434341640134646158e-22
4.375325663939620426e+04 8.175044848166385321e-22
4.397202292259318347e+04 7.091261727960891398e-22
4.419188303720614931e+04 2.686616038104950105e-21
4.441284245239217853e+04 1.165979879006616081e-21
4.463490666465412505e+04 1.549694014493245811e-21
4.485808119797738618e+04 3.945074367591704619e-21
4.508237160396726540e+04 3.003860074935434645e-21
4.530778346198709914e+04 2.929554169923379797e-21
4.553432237929703842e+04 4.189076118285419998e-21
4.576199399119351438e+04 2.713219855894731339e-21
4.599080396114946780e+04 2.810069294026201282e-21
4.622075798095521168e+04 3.011827422511099647e-21
4.645186177085998497e+04 2.245616896638481988e-21
4.668412107971427758e+04 3.097519450727269566e-21
4.691754168511283933e+04 2.056609064826548361e-21
4.715212939353840193e+04 1.889210180113701971e-21
4.738789004050609219e+04 1.728851714193958011e-21
4.762482949070861650e+04 9.497380538661409448e-22
4.786295363816215104e+04 3.065071874503262086e-22
4.810226840635295957e+04 4.365331792242651936e-22
4.834277974838471710e+04 1.762882814099028481e-22
4.858449364712664101e+04 1.992668837496115396e-22
4.882741611536226992e+04 3.079360616684199631e-22
4.907155319593907916e+04 4.391581350726145059e-22
4.931691096191877295e+04 6.634192128737641652e-22
4.956349551672836242e+04 1.460247186153564126e-21
4.981131299431200023e+04 2.936354451134153839e-21
5.006036955928355746e+04 4.309341273337738145e-21
5.031067140707997169e+04 8.551526879075655351e-21
5.056222476411536627e+04 4.290576199901441766e-21
5.081503588793592644e+04 1.328401866618125425e-20
5.106911106737560476e+04 1.240319656486489825e-20
5.132445662271248875e+04 1.422348569235755850e-20
5.158107890582603432e+04 1.899685195878061037e-20
5.183898430035516503e+04 2.473612164751810353e-20
5.209817922185694624e+04 2.420583124015422113e-20
5.235867011796621955e+04 1.189452102789634945e-20
5.262046346855604497e+04 2.328302559238318754e-20
5.288356578589881974e+04 2.845702921289182905e-20
5.314798361482832115e+04 3.223730056821024378e-20
5.341372353290244064e+04 2.903835731389775644e-20
5.368079215056695102e+04 3.563350659173155849e-20
5.394919611131977581e+04 3.073620674948958734e-20
5.421894209187637171e+04 2.831194118232161065e-20
5.449003680233574414e+04 3.131145257520579972e-20
5.476248698634742323e+04 2.733012854944048052e-20
5.503629942127914546e+04 3.111805319148170523e-20
5.531148091838553955e+04 3.109104634693179496e-20
5.558803832297745976e+04 3.388734072302329472e-20
5.586597851459235244e+04 3.174496249724697910e-20
5.614530840716529929e+04 2.975347899891842863e-20
5.642603494920112280e+04 3.292829483610887289e-20
5.670816512394711754e+04 2.823533979578832570e-20
5.699170594956685090e+04 3.450490261801360439e-20
5.727666447931467701e+04 3.363662811009242751e-20
5.756304780171124730e+04 3.514574201131384178e-20
5.785086304071979248e+04 3.412422802319361606e-20
5.814011735592339392e+04 3.946994564740811764e-20
5.843081794270300452e+04 3.974654992583455336e-20
5.872297203241651005e+04 3.827014485468403022e-20
5.901658689257857623e+04 3.320399421129387355e-20
5.931166982704147085e+04 3.833537943681373050e-20
5.960822817617667170e+04 3.861294354724836179e-20
5.990626931705755123e+04 3.563107080683129229e-20
6.020580066364283266e+04 3.985343265399875671e-20
6.050682966696104268e+04 3.453048871154294287e-20
6.080936381529583741e+04 4.545905373744518761e-20
6.111341063437231060e+04 3.698142566913959406e-20
6.141897768754416757e+04 1.527381329039407533e-20
6.172607257598188153e+04 3.951319665168338917e-20
6.203470293886178115e+04 3.501520743763708640e-20
6.234487645355607674e+04 2.363475621433166753e-20
6.265660083582385414e+04 2.246448181660251268e-20
6.296988384000297810e+04 4.026465841698232250e-20
6.328473325920297793e+04 5.129091203310612564e-20
6.360115692549898813e+04 4.226752798611434781e-20
6.391916271012647485e+04 4.387934467576369536e-20
6.423875852367709740e+04 5.034111985320035331e-20
6.455995231629547197e+04 4.696829032116813595e-20
6.488275207787693944e+04 4.447059492478845976e-20
6.520716583826631540e+04 4.479860051296125416e-20
6.553320166745764436e+04 4.412955456101535701e-20
6.586086767579492880e+04 4.651031693005941692e-20
6.619017201417389151e+04 4.924527219157484882e-20
6.652112287424475653e+04 4.894059429863578724e-20
6.685372848861597595e+04 4.810431781467938568e-20
6.718799713105904812e+04 5.817999779722994793e-20
6.752393711671433994e+04 6.213141993201049177e-20
6.786155680229789868e+04 4.265272612539088619e-20
6.820086458630938432e+04 4.137585765173847138e-20
6.854186890924091858e+04 6.279462636211733792e-20
6.888457825378712732e+04 6.119189271873358047e-20
6.922900114505604142e+04 7.069550363161669722e-20
6.957514615078132192e+04 7.098672568357487253e-20
6.992302188153521274e+04 6.837743977397363661e-20
7.027263699094287585e+04 7.708528881260385224e-20
7.062400017589758500e+04 7.216095641299226767e-20
7.097712017677708354e+04 6.942581204939770030e-20
7.133200577766096103e+04 7.968361627048948873e-20
7.168866580654925201e+04 7.606601591378617987e-20
7.204710913558199536e+04 7.325515713335853447e-20
7.240734468125989952e+04 5.132683802639986839e-20
7.276938140466618643e+04 7.031045256824496068e-20
7.313322831168951234e+04 6.914478036191299775e-20
7.349889445324795088e+04 7.765990587488969881e-20
7.386638892551416939e+04 5.922259836872942968e-20
7.423572087014174031e+04 5.366414168334758507e-20
7.460689947449244210e+04 6.918235700597723106e-20
7.497993397186488437e+04 7.278621395656204588e-20
7.535483364172420988e+04 6.317769639290181162e-20
7.573160780993281514e+04 6.924288880471710310e-20
7.611026584898248257e+04 6.888090713044699202e-20
7.649081717822738574e+04 6.863229537096722220e-20
7.687327126411850622e+04 6.815386175278776920e-20
7.725763762043909810e+04 6.449574736017147469e-20
7.764392580854127300e+04 4.981819073582585456e-20
7.803214543758398213e+04 7.172117229271801595e-20
7.842230616477188596e+04 7.658214775298545277e-20
7.881441769559573731e+04 7.829525940305465814e-20
7.920848978407371033e+04 7.799327642991253081e-20
7.960453223299406818e+04 6.913104782982546741e-20
8.000255489415902412e+04 7.466097867315676326e-20
8.040256766862981021e+04 7.115387271604038996e-20
8.080458050697296858e+04 5.940191900995774836e-20
8.120860340950780665e+04 6.706478463870180076e-20
8.161464642655535135e+04 6.089793039525018415e-20
8.202271965868811822e+04 7.406720464174456348e-20
8.243283325698153931e+04 6.612597827578741451e-20
8.284499742326643900e+04 5.864171646342712631e-20
8.325922241038276115e+04 7.120458395973495565e-20
8.367551852243466419e+04 7.399249813624008855e-20
8.409389611504682398e+04 6.932593106712558541e-20
8.451436559562206094e+04 6.153512082037679542e-20
8.493693742360016040e+04 8.127903423153205850e-20
8.536162211071814818e+04 6.223030584435683148e-20
8.578843022127173026e+04 7.499019774960428175e-20
8.621737237237808586e+04 7.236287402284072385e-20
8.664845923423997010e+04 6.842210245796615029e-20
8.708170153041114099e+04 5.782699305918722790e-20
8.751711003806319786e+04 6.410690335527272580e-20
8.795469558825351123e+04 8.019116014058907444e-20
8.839446906619478250e+04 6.022948657358192337e-20
8.883644141152573866e+04 5.931184763922840892e-20
8.928062361858335498e+04 6.190387366535134326e-20
8.972702673667625641e+04 7.545159233248095978e-20
9.017566187035961775e+04 5.363696991159407152e-20
9.062654017971141730e+04 6.932744175079830947e-20
9.107967288060994179e+04 7.268419451412073368e-20
9.153507124501296494e+04 7.138851361077619082e-20
9.199274660123803187e+04 6.551769532227313117e-20
9.245271033424419875e+04 5.968173393087416859e-20
9.291497388591540221e+04 6.434702298104339902e-20
9.337954875534496387e+04 5.664323372608229994e-20
9.384644649912168097e+04 5.285332795604366424e-20
9.431567873161729949e+04 5.646907792124424254e-20
9.478725712527536962e+04 4.921115953671128914e-20
9.526119341090174566e+04 7.089933926921452119e-20
9.573749937795623555e+04 4.437288226294767767e-20
9.621618687484601105e+04 6.029119305244796140e-20
9.669726780922022590e+04 3.924343965887200661e-20
9.718075414826630731e+04 6.414881519099998246e-20
9.766665791900764452e+04 5.590998568552993257e-20
9.815499120860267431e+04 5.152513413705699176e-20
9.864576616464568360e+04 5.125620604015415000e-20
9.913899499546889274e+04 6.354852134806444315e-20
9.963468997044622665e+04 5.853064651975000158e-20
1.001328634202984540e+05 6.199037823906763576e-20
1.006335277373999415e+05 4.626432376981486455e-20
1.011366953760869364e+05 5.413729750525523642e-20
1.016423788529673620e+05 4.207026239572987572e-20
1.021505907472321705e+05 3.319862838696228755e-20
1.026613437009683112e+05 4.350266780353209874e-20
1.031746504194731533e+05 6.553923445436751773e-20
1.036905236715704959e+05 6.659949254556411985e-20
1.042089762899283378e+05 6.329369337390071401e-20
1.047300211713779718e+05 3.793741350261212484e-20
1.052536712772348401e+05 6.408762866911293047e-20
1.057799396336210193e+05 9.702696938931817158e-20
1.063088393317891168e+05 9.592445329598315450e-20
1.068403835284480301e+05 6.536084647008306964e-20
1.073745854460902774e+05 8.117990560853062046e-20
1.079114583733207110e+05 6.966778985323102672e-20
1.084510156651873112e+05 7.741989674194892214e-20
1.089932707435132470e+05 7.377094621251945371e-20
1.095382370972307981e+05 7.620051579364159091e-20
1.100859282827169227e+05 5.503156909267345359e-20
1.106363579241304978e+05 7.567699392902743540e-20
1.111895397137511463e+05 7.905256024845795598e-20
1.117454874123199115e+05 7.023934640780015027e-20
1.123042148493815039e+05 1.704648563651637419e-20
1.128657359236283810e+05 8.141788737370722610e-20
1.134300646032465156e+05 7.604687200534924265e-20
1.139972149262627499e+05 8.258531467082348626e-20
1.145672010008940561e+05 9.326665000552133421e-20
1.151400370058984990e+05 7.811233634980362517e-20
1.157157371909279900e+05 8.336768294119987021e-20
1.162943158768826252e+05 9.381513958206024078e-20
1.168757874562670186e+05 9.669993959031521790e-20
1.174601663935483521e+05 9.950362419469003281e-20
1.180474672255160840e+05 1.011897091292727393e-19
1.186377045616436517e+05 9.956662663007785835e-20
1.192308930844518472e+05 9.041860008151437526e-20
1.198270475498741143e+05 1.072866704172745364e-19
1.204261827876234747e+05 1.100680617515229441e-19
1.210283137015615794e+05 7.294249583587362619e-20
1.216334552700693748e+05 1.129949819917383828e-19
1.222416225464196905e+05 9.958351781365494652e-20
1.228528306591517903e+05 8.701179429304236218e-20
1.234670948124475253e+05 1.024419483463698737e-19
1.240844302865097561e+05 8.415435679627297466e-20
1.247048524379423034e+05 1.130769513161480187e-19
1.253283767001319939e+05 1.075385711697452991e-19
1.259550185836326418e+05 8.988444178585853732e-20
1.265847936765507911e+05 8.317001794689622435e-20
1.272177176449335529e+05 1.071525601299448397e-19
1.278538062331581896e+05 9.195480108892806236e-20
1.284930752643239684e+05 1.141416088668641495e-19
1.291355406406455731e+05 1.032035889040925420e-19
1.297812183438487700e+05 8.567803663791116368e-20
1.304301244355680101e+05 1.130832492274970200e-19
1.310822750577458355e+05 9.974336668541188246e-20
1.317376864330345707e+05 1.035022722879607359e-19
1.323963748651997303e+05 1.182410452784582337e-19
1.330583567395257123e+05 1.144094698454401535e-19
1.337236485232233244e+05 1.057383142481318555e-19
1.343922667658394203e+05 1.100702394796245093e-19
1.350642280996686313e+05 9.950349488812822021e-20
1.357395492401669326e+05 9.624585579044057080e-20
1.364182469863677688e+05 1.048853827258007504e-19
1.371003382212995784e+05 1.137734745693683723e-19
1.377858399124060525e+05 1.124199165634994733e-19
1.384747691119680530e+05 1.214180667032980269e-19
1.391671429575278889e+05 1.104965884195136184e-19
1.398629786723155121e+05 9.756278645502189886e-20
1.405622935656770715e+05 1.137185401532971842e-19
1.412651050335054169e+05 1.006053205202837990e-19
1.419714305586729315e+05 1.116327369785248954e-19
1.426812877114662842e+05 1.122188703667385484e-19
1.433946941500235989e+05 1.062388726095312058e-19
1.441116676207736891e+05 1.158584963756299304e-19
1.448322259588775632e+05 1.085966325445308872e-19
1.455563870886719378e+05 1.008717426706271260e-19
1.462841690241152828e+05 1.095547452126547346e-19
1.470155898692358169e+05 1.127190884373385277e-19
1.477506678185819765e+05 1.067753300956301064e-19
1.484894211576748639e+05 1.061872610767406154e-19
1.492318682634632278e+05 1.300064568013702453e-19
1.499780276047805382e+05 1.476788382323248133e-19
1.507279177428044495e+05 1.623662606215818444e-19
1.514815573315184447e+05 2.042301191867690281e-19
1.522389651181760128e+05 1.055602123382907910e-19
1.530001599437668920e+05 2.185223482767063721e-19
1.537651607434856996e+05 1.062102635404257599e-19
1.545339865472031233e+05 2.285439870893524635e-19
1.553066564799391199e+05 2.199359912396600987e-19
1.560831897623387922e+05 1.711382362801898360e-19
1.568636057111504488e+05 2.497149546092651956e-19
1.576479237397061952e+05 1.248121524248708533e-19
1.584361633584047086e+05 2.361351595884209925e-19
1.592283441751967184e+05 1.376703052731190966e-19
1.600244858960726706e+05 2.687147892416516195e-19
1.608246083255530393e+05 2.810076442381019094e-19
1.616287313671807642e+05 2.703339603596483021e-19
1.624368750240166555e+05 2.730446452756896050e-19
1.632490593991367205e+05 2.697077598578489902e-19
1.640653046961323707e+05 2.009521227714355633e-19
1.648856312196130166e+05 2.432835444645645372e-19
1.657100593757111055e+05 2.735433408948611512e-19
1.665386096725896350e+05 2.643551352508156362e-19
1.673713027209525462e+05 2.571732383731370713e-19
1.682081592345573008e+05 2.559446841111273788e-19
1.690492000307300477e+05 2.853890824869025687e-19
1.698944460308837006e+05 2.734731042194219297e-19
1.707439182610380813e+05 2.607212589858659555e-19
1.715976378523432650e+05 2.667343867830991763e-19
1.724556260416049627e+05 2.401063366298184212e-19
1.733179041718129884e+05 2.027513938912839559e-19
1.741844936926720547e+05 2.027191677639064196e-19
1.750554161611353920e+05 2.567256563677661794e-19
1.759306932419410441e+05 2.598839521324234891e-19
1.768103467081507551e+05 2.812193542018286736e-19
1.776943984416914755e+05 2.544414429312777337e-19
1.785828704338999523e+05 2.605167643637590890e-19
1.794757847860694164e+05 2.671177145029463406e-19
1.803731637099997606e+05 2.688879259098060622e-19
1.812750295285496977e+05 2.673812724544553782e-19
1.821814046761924401e+05 2.697127124037191730e-19
1.830923116995733581e+05 2.786209366494046526e-19
1.840077732580712182e+05 2.625214009859708028e-19
1.849278121243615169e+05 2.746198220093846629e-19
1.858524511849833070e+05 2.642982813498003733e-19
1.867817134409082064e+05 2.711803395039648583e-19
1.877156220081127249e+05 2.676200880764046028e-19
1.886542001181532687e+05 2.531833071268032114e-19
1.895974711187439971e+05 2.568194379118751398e-19
1.905454584743377054e+05 2.585278970292182855e-19
1.914981857667093864e+05 2.650293693294714104e-19
1.924556766955429339e+05 2.658100280441935304e-19
1.934179550790206122e+05 2.555429361152894867e-19
1.943850448544157261e+05 2.157892815588458560e-19
1.953569700786877365e+05 2.187362308450650262e-19
1.963337549290811876e+05 2.477962430667046277e-19
1.973154237037265557e+05 2.368300461305548967e-19
1.983020008222451725e+05 2.607163952008932727e-19
1.992935108263563889e+05 2.599286905416587325e-19
2.002899783804881445e+05 2.460453545764572012e-19
2.012914282723905635e+05 2.435670372144297415e-19
2.022978854137524904e+05 2.365859200152273561e-19
2.033093748408212559e+05 2.416866880512886657e-19
2.043259217150253244e+05 2.266201570807383677e-19
2.053475513236004044e+05 2.286206203315928312e-19
2.063742890802184120e+05 2.324066861043732013e-19
2.074061605256194889e+05 2.367457602434170813e-19
2.084431913282475434e+05 2.339910133640546831e-19
2.094854072848887881e+05 2.203854145943577888e-19
2.105328343213131884e+05 2.294156992275196191e-19
2.115854984929197235e+05 2.306012661342690167e-19
2.126434259853842668e+05 2.375512536036985727e-19
2.137066431153111917e+05 2.349262353683429763e-19
2.147751763308877416e+05 2.428519690096983390e-19
2.158490522125421558e+05 2.361548305691651138e-19
2.169282974736048491e+05 2.289524120380308433e-19
2.180129389609728241e+05 2.392279262166123814e-19
2.191030036557776621e+05 2.322095563463887784e-19
2.201985186740565405e+05 2.286925160157106668e-19
2.212995112674267730e+05 2.309638586124742229e-19
2.224060088237638702e+05 2.326941239046973041e-19
2.235180388678826857e+05 2.271863952576302098e-19
2.246356290622220840e+05 2.312571559175253118e-19
2.257588072075331293e+05 2.234741547426928431e-19
2.268876012435707962e+05 2.133521866319201998e-19
2.280220392497886205e+05 2.233429357416740419e-19
2.291621494460375397e+05 2.245148949682746994e-19
2.303079601932677324e+05 2.175287955860702043e-19
2.314594999942340073e+05 2.224612987467644808e-19
2.326167974942051223e+05 2.172909683236844481e-19
2.337798814816761296e+05 2.198323472764540242e-19
2.349487808890844753e+05 2.176285271621916289e-19
2.361235247935298830e+05 2.029713428321972915e-19
2.373041424174974964e+05 2.137080662478603264e-19
2.384906631295849220e+05 2.111163522163462831e-19
2.396831164452328521e+05 2.137037426956721749e-19
2.408815320274590049e+05 2.104034493168861200e-19
2.420859396875962557e+05 2.114496387540211190e-19
2.432963693860342028e+05 2.156263555151886633e-19
2.445128512329643709e+05 1.955285230267704185e-19
2.457354154891291400e+05 2.095760397637503864e-19
2.469640925665748073e+05 1.937727878733387338e-19
2.481989130294076167e+05 2.057419502684435152e-19
2.494399075945546501e+05 2.017506303085396151e-19
2.506871071325273952e+05 1.900824623911952277e-19
2.519405426681899989e+05 2.047945750608080801e-19
2.532002453815308982e+05 1.916606087198550900e-19
2.544662466084385524e+05 1.988774403762777598e-19
2.557385778414806991e+05 1.968034187204211455e-19
2.570172707306880620e+05 1.943327884208445051e-19
2.583023570843414636e+05 1.993836776048649702e-19
2.595938688697631296e+05 1.950317968655401716e-19
2.608918382141119218e+05 1.917101952805829618e-19
2.621962974051825004e+05 1.802617719979134038e-19
2.635072788922083564e+05 1.766467475087242621e-19
2.648248152866693563e+05 1.807814708071189262e-19
2.661489393631026614e+05 1.836948470120403256e-19
2.674796840599182178e+05 1.847775097175352763e-19
2.688170824802177376e+05 1.833143671035119024e-19
2.701611678926188033e+05 1.805010684206869585e-19
2.715119737320818822e+05 1.842974342106920209e-19
2.728695336007422884e+05 1.797280890977856918e-19
2.742338812687459867e+05 1.785689008503032163e-19
2.756050506750896457e+05 1.804342999327556459e-19
2.769830759284650558e+05 1.762411227402337650e-19
2.783679913081073901e+05 1.761276370892742731e-19
2.797598312646478880e+05 1.765573805202032730e-19
2.811586304209711379e+05 1.667695609789035450e-19
2.825644235730759683e+05 1.708663920138721068e-19
2.839772456909412867e+05 1.673102307169118269e-19
2.853971319193959935e+05 1.669850758437724744e-19
2.868241175789929111e+05 1.708267767209119421e-19
2.882582381668878370e+05 1.673691488573283641e-19
2.896995293577222619e+05 1.719203165495402545e-19
2.911480270045108628e+05 1.727533585544691532e-19
2.926037671395333600e+05 1.688555148079004356e-19
2.940667859752309741e+05 1.705014108417911619e-19
2.955371199051070726e+05 1.734543741033357551e-19
2.970148055046325899e+05 1.684511158321224715e-19
2.984998795321557554e+05 1.715983227908643443e-19
2.999923789298164775e+05 1.720678405359869815e-19
3.014923408244655584e+05 1.701804775926705169e-19
3.029998025285878102e+05 1.688714455446273398e-19
3.045148015412307577e+05 1.689912938877987949e-19
3.060373755489368923e+05 1.658310139123109613e-19
3.075675624266815139e+05 1.651691288380833726e-19
3.091054002388148801e+05 1.600920136241113861e-19
3.106509272400089540e+05 1.616982275967380890e-19
3.122041818762089242e+05 1.613449534303831037e-19
3.137652027855899651e+05 1.575716333392472823e-19
3.153340287995178951e+05 1.588261375432071152e-19
3.169106989435154246e+05 1.534388998421312214e-19
3.184952524382329429e+05 1.521174936285613490e-19
3.200877287004240789e+05 1.546408809402401534e-19
3.216881673439261504e+05 1.525448636137015420e-19
3.232966081806457951e+05 1.512779704800248175e-19
3.249130912215489661e+05 1.524698303941787880e-19
3.265376566776566906e+05 1.486548903552983993e-19
3.281703449610449024e+05 1.497630264421107557e-19
3.298111966858500964e+05 1.374094040753296726e-19
3.314602526692792890e+05 1.469141381629015547e-19
3.331175539326256840e+05 1.485621562720609337e-19
3.347831417022887617e+05 1.489146113819752930e-19
3.364570574108001310e+05 1.464595900547465125e-19
3.381393426978540956e+05 1.427818150835906695e-19
3.398300394113432849e+05 1.477179611320022880e-19
3.415291896083999891e+05 1.473326252311052265e-19
3.432368355564419180e+05 1.472822713539338475e-19
3.449530197342241299e+05 1.404227537557391391e-19
3.466777848328952095e+05 1.383642595255873891e-19
3.484111737570596742e+05 1.413218561276355603e-19
3.501532296258449205e+05 1.380403574948275960e-19
3.519039957739741076e+05 1.425039499535025816e-19
3.536635157528438722e+05 1.409876630020580099e-19
3.554318333316080971e+05 1.284714085162749166e-19
3.572089924982661032e+05 1.396646942673699952e-19
3.589950374607573613e+05 1.391223624401528569e-19
3.607900126480610925e+05 1.282227703623141523e-19
3.625939627113013412e+05 1.389776105418937911e-19
3.644069325248578098e+05 1.369619275371724571e-19
3.662289671874821070e+05 1.397547158708467987e-19
3.680601120234194095e+05 1.384019377394044926e-19
3.699004125835365267e+05 1.219755576001584956e-19
3.717499146464542137e+05 1.324472645610868583e-19
3.736086642196864123e+05 1.330862552041305193e-19
3.754767075407847879e+05 1.315591316702350354e-19
3.773540910784887383e+05 1.302423786317852519e-19
3.792408615338811069e+05 1.308147542771698658e-19
3.811370658415504731e+05 1.283207392317257650e-19
3.830427511707582162e+05 1.216798296435224525e-19
3.849579649266119814e+05 1.286200461296071847e-19
3.868827547512449091e+05 1.269246338815531132e-19
3.888171685250011506e+05 1.270503368637896059e-19
3.907612543676261557e+05 1.242307628862456319e-19
3.927150606394641800e+05 1.250138086612304229e-19
3.946786359426614945e+05 1.251359868858783896e-19
3.966520291223747190e+05 1.237424126953233302e-19
3.986352892679866054e+05 1.241612638913695563e-19
4.006284657143264776e+05 1.222264498456459243e-19
4.026316080428980640e+05 1.184471150845847806e-19
4.046447660831125686e+05 1.189098673828407757e-19
4.066679899135280866e+05 1.199478195193766774e-19
4.087013298630956560e+05 1.190978376552195508e-19
4.107448365124111297e+05 1.200396555628217272e-19
4.127985606949731009e+05 1.204623257408324630e-19
4.148625534984479891e+05 1.193560363994195176e-19
4.169368662659401889e+05 1.176086897045843220e-19
4.190215505972699029e+05 1.166290076194889114e-19
4.211166583502561552e+05 1.149239242676193467e-19
4.232222416420074296e+05 1.130185996498741175e-19
4.253383528502174304e+05 1.123182657367418164e-19
4.274650446144684684e+05 1.100900737537227763e-19
4.296023698375407839e+05 1.109423281071860525e-19
4.317503816867284477e+05 1.108846510279328727e-19
4.339091335951619549e+05 1.084367525912547514e-19
4.360786792631378048e+05 1.057079358287006190e-19
4.382590726594533771e+05 1.021780055499193406e-19
4.404503680227505392e+05 1.016374562545458962e-19
4.426526198628643178e+05 1.016016554000349834e-19
4.448658829621785553e+05 1.014834287227180450e-19
4.470902123769894242e+05 1.017945369670586363e-19
4.493256634388742968e+05 1.017373899260791809e-19
4.515722917560686474e+05 1.004221082884659085e-19
4.538301532148489496e+05 9.929863443391937113e-20
4.560993039809231996e+05 9.840418061230703817e-20
4.583798005008278415e+05 9.722703435196872863e-20
4.606716995033319108e+05 9.938953690430848237e-20
4.629750580008485122e+05 9.879933741699758274e-20
4.652899332908526412e+05 9.796410337469086805e-20
4.676163829573068651e+05 9.613736433936633779e-20
4.699544648720934056e+05 9.490213231997801398e-20
4.723042371964537306e+05 9.358442415737229490e-20
4.746657583824360045e+05 9.168511528170260190e-20
4.770390871743481839e+05 9.158038549163419762e-20
4.794242826102197869e+05 8.850317967297344612e-20
4.818214040232708794e+05 9.108890113313408785e-20
4.842305110433871741e+05 8.798409181129398781e-20
4.866516635986040346e+05 8.970559585381745885e-20
4.890849219165969989e+05 9.033882707928427334e-20
4.915303465261799865e+05 8.899674013593536903e-20
4.939879982588108396e+05 8.725167505613351403e-20
4.964579382501047803e+05 8.758367893309560050e-20
4.989402279413552606e+05 8.506782507389668529e-20
5.014349290810619132e+05 8.466934622675662063e-20
5.039421037264671759e+05 8.377835933210982662e-20
5.064618142450994346e+05 8.417537305596739676e-20
5.089941233163248980e+05 8.370186064160958406e-20
5.115390939329064568e+05 8.254265695197807083e-20
5.140967894025709247e+05 7.881617688034070914e-20
5.166672733495837892e+05 8.177253592468935518e-20
5.192506097163317027e+05 8.167676203266531791e-20
5.218468627649132395e+05 8.214842620818299899e-20
5.244560970787376864e+05 8.063871207166978373e-20
5.270783775641313987e+05 7.979420799131137438e-20
5.297137694519520737e+05 7.942087994725443222e-20
5.323623382992116967e+05 7.770836057460248295e-20
5.350241499907077523e+05 7.694014805224469902e-20
5.376992707406611880e+05 7.812053832638664932e-20
5.403877670943645062e+05 7.782048516198733383e-20
5.430897059298362583e+05 7.619175495609349256e-20
5.458051544594853185e+05 7.432457501163624027e-20
5.485341802317826077e+05 7.533633048030225876e-20
5.512768511329415487e+05 7.473729304554952621e-20
5.540332353886062047e+05 7.493781332421481602e-20
5.568034015655491967e+05 7.327407784690213753e-20
5.595874185733768390e+05 7.045831218712048898e-20
5.623853556662435876e+05 7.047999986569216471e-20
5.651972824445748702e+05 6.758720706589311969e-20
5.680232688567976002e+05 6.757641763484345300e-20
5.708633852010816336e+05 6.844356859542816100e-20
5.737177021270869300e+05 6.775087932930239211e-20
5.765862906377223553e+05 6.904364989292022794e-20
5.794692220909108873e+05 6.671260683858006163e-20
5.823665682013652986e+05 6.540810919707875764e-20
5.852784010423721047e+05 6.646786435330751985e-20
5.882047930475838948e+05 6.410005712019684006e-20
5.911458170128216734e+05 6.388093355441109956e-20
5.941015460978858173e+05 6.546831654377054794e-20
5.970720538283751812e+05 6.500036637455920923e-20
6.000574140975169139e+05 6.563052192479592306e-20
6.030577011680045398e+05 6.418214857716023113e-20
6.060729896738444222e+05 6.315142431984904791e-20
6.091033546222136356e+05 6.651642768014246052e-20
6.121488713953245897e+05 6.601688159928271579e-20
6.152096157523011789e+05 6.371470390836546108e-20
6.182856638310626149e+05 6.433768295062498998e-20
6.213770921502178535e+05 6.324775500645163674e-20
6.244839776109688682e+05 6.143014202696655847e-20
6.276063974990237039e+05 6.247280341875773461e-20
6.307444294865187258e+05 6.172987696130141146e-20
6.338981516339513473e+05 5.895090701006332730e-20
6.370676423921210226e+05 6.124385184030183217e-20
6.402529806040815311e+05 6.097067476555727943e-20
6.434542455071017612e+05 6.025683563542169096e-20
6.466715167346373200e+05 6.046454086844342616e-20
6.499048743183104089e+05 5.885373545361773761e-20
6.531543986899019219e+05 6.062909342987382854e-20
6.564201706833513454e+05 6.089634459180710569e-20
6.597022715367680648e+05 5.998395094227621409e-20
6.630007828944516368e+05 5.891802824525082955e-20
6.663157868089238182e+05 5.837710699999514989e-20
6.696473657429685118e+05 6.124069458524272411e-20
6.729956025716832373e+05 5.800665929795966145e-20
6.763605805845416617e+05 5.870290813982778599e-20
6.797423834874642780e+05 5.935727145635940617e-20
6.831410954049015418e+05 5.848946825864324048e-20
6.865568008819258539e+05 5.941773044279407630e-20
6.899895848863355350e+05 5.742379381762811635e-20
6.934395328107671812e+05 5.650248341885904375e-20
6.969067304748209426e+05 5.639620774807029050e-20
7.003912641271948814e+05 5.523511536982451923e-20
7.038932204478308558e+05 5.696912422571324954e-20
7.074126865500698332e+05 5.407127778824367282e-20
7.109497499828201253e+05 5.223376001152461784e-20
7.145044987327340059e+05 5.406507039061849738e-20
7.180770212263975991e+05 4.797199247977162687e-20
7.216674063325294992e+05 5.123816809914425295e-20
7.252757433641920798e+05 5.031673451093284596e-20
7.289021220810129307e+05 4.896097454225407427e-20
7.325466326914178208e+05 4.511240115792761968e-20
7.362093658548747189e+05 4.338922519426478708e-20
7.398904126841491088e+05 4.796263480601687947e-20
7.435898647475696635e+05 4.657557810880285699e-20
7.473078140713075409e+05 4.409360226952898000e-20
7.510443531416638289e+05 4.257266698584831862e-20
7.547995749073721236e+05 4.267106488796615200e-20
7.585735727819090243e+05 4.106718934217944998e-20
7.623664406458184822e+05 4.497101150748624975e-20
7.661782728490475565e+05 4.292882215857008495e-20
7.700091642132926499e+05 4.268642121540444868e-20
7.738592100343591301e+05 4.438300961049792460e-20
7.777285060845308471e+05 3.994502005663873165e-20
7.816171486149535049e+05 4.018380277456617920e-20
7.855252343580280431e+05 4.178131171757273232e-20
7.894528605298181064e+05 4.140685012989322278e-20
7.934001248324671760e+05 3.711517398620481418e-20
7.973671254566294374e+05 3.907449129967887229e-20
8.013539610839124070e+05 3.725576802549974304e-20
8.053607308893318987e+05 4.013771063395969013e-20
8.093875345437785145e+05 3.957344560738165795e-20
8.134344722164971754e+05 3.677603780271239336e-20
8.175016445775796892e+05 3.493411640867083718e-20
8.215891528004674474e+05 3.540308685194141971e-20
8.256970985644696048e+05 3.390434618615444111e-20
8.298255840572918532e+05 3.364824143412631721e-20
8.339747119775782339e+05 3.490082114682098875e-20
8.381445855374659877e+05 3.529486524409463708e-20
8.423353084651533281e+05 3.380023455713131545e-20
8.465469850074789720e+05 3.363311821642961985e-20
8.507797199325163383e+05 3.321843761788742122e-20
8.550336185321788071e+05 3.309207014872647553e-20
8.593087866248395294e+05 3.157861304173591181e-20
8.636053305579635780e+05 3.191737550353022270e-20
8.679233572107532527e+05 3.080575966631692124e-20
8.722629739968071226e+05 2.977554089457841830e-20
8.766242888667909428e+05 2.891554907884931701e-20
8.810074103111248696e+05 2.740149665524523830e-20
8.854124473626804538e+05 2.650512010959911397e-20
8.898395095994938165e+05 2.745862145433326370e-20
8.942887071474910481e+05 2.799168417495045820e-20
8.987601506832282757e+05 2.801199598203550906e-20
9.032539514366443036e+05 2.636200201638973619e-20
9.077702211938274559e+05 2.597392906702618673e-20
9.123090722997965058e+05 2.588884051264302641e-20
9.168706176612955751e+05 2.462592214712173800e-20
9.214549707496019546e+05 2.481664450859605151e-20
9.260622456033498747e+05 2.747974311341002523e-20
9.306925568313664990e+05 2.319686586235842541e-20
9.353460196155232843e+05 2.671952017980445296e-20
9.400227497136008460e+05 2.389401348721101646e-20
9.447228634621686069e+05 2.238204916082992846e-20
9.494464777794793481e+05 2.429716072462699891e-20
9.541937101683765650e+05 2.174945890517350447e-20
9.589646787192183547e+05 2.321451451338633526e-20
9.637595021128143417e+05 2.177899481753703605e-20
9.685782996233784361e+05 1.831904619616477598e-20
9.734211911214952124e+05 1.826518087553534682e-20
9.782882970771025866e+05 1.780557653058846414e-20
9.831797385624878807e+05 1.653837198590402643e-20
9.880956372553003021e+05 1.615533461070522024e-20
9.930361154415766941e+05 1.467507501166965468e-20
9.980012960187845165e+05 1.369296811562649339e-20
1.002991302498878213e+06 1.363734860327717715e-20
1.008006259011372575e+06 1.296507245209053909e-20
1.013046290306429262e+06 1.327695261270113796e-20
1.018111521757961251e+06 1.295225806930202599e-20
1.023202079366751015e+06 1.327271910261007112e-20
1.028318089763584780e+06 1.326270545651836950e-20
1.033459680212402483e+06 1.369041075959566988e-20
1.038626978613464395e+06 1.345100119133740007e-20
1.043820113506531576e+06 1.422941277058611157e-20
1.049039214074064279e+06 1.392854943337321184e-20
1.054284410144434310e+06 1.495115297266798441e-20
1.059555832195156487e+06 1.405217522519616856e-20
1.064853611356131965e+06 1.513804176476455774e-20
1.070177879412912531e+06 1.492741164026834814e-20
1.075528768809976988e+06 1.351469117508310557e-20
1.080906412654026644e+06 1.443787240074601106e-20
1.086310944717296865e+06 1.370847753862991306e-20
1.091742499440883053e+06 1.526671817256360943e-20
1.097201211938087363e+06 1.532177369891315946e-20
1.102687217997777741e+06 1.508533677895353665e-20
1.108200654087766539e+06 1.421606296890987955e-20
1.113741657358205179e+06 1.477804324346373647e-20
1.119310365644996287e+06 1.504299350474207220e-20
1.124906917473220965e+06 1.413045116520978825e-20
1.130531452060587006e+06 1.421173711405097359e-20
1.136184109320889926e+06 1.301805691378952224e-20
1.141865029867494246e+06 1.191437128685950890e-20
1.147574355016831541e+06 1.328306965880765382e-20
1.153312226791915484e+06 1.261279303057324379e-20
1.159078787925875047e+06 1.149067126407818979e-20
1.164874181865504477e+06 1.195278240574134565e-20
1.170698552774831653e+06 1.055514274399720638e-20
1.176552045538705774e+06 1.014463210039233731e-20
1.182434805766399018e+06 9.447505754448637515e-21
1.188346979795231018e+06 9.117933514439693438e-21
1.194288714694207069e+06 8.832838185374310526e-21
1.200260158267677994e+06 8.597185759933845235e-21
1.206261459059016313e+06 8.510263524899647541e-21
1.212292766354311258e+06 8.304116190234503293e-21
1.218354230186082656e+06 8.182300392853094058e-21
1.224446001337012975e+06 8.156878087289454745e-21
1.230568231343697989e+06 8.125745569734332388e-21
1.236721072500416311e+06 8.010497883131831768e-21
1.242904677862918237e+06 7.965723295650490228e-21
1.249119201252232771e+06 7.879600878266955398e-21
1.255364797258493723e+06 7.754644727877366339e-21
1.261641621244786074e+06 7.687662449026051184e-21
1.267949829351009801e+06 7.570941150327958687e-21
1.274289578497764654e+06 7.555120714623060455e-21
1.280661026390253333e+06 7.616206911003000884e-21
1.287064331522204448e+06 7.586724656588936342e-21
1.293499653179815272e+06 7.618733759230456880e-21
1.299967151445714291e+06 7.850468463661641954e-21
1.306466987202942837e+06 8.651953102988103014e-21
1.312999322138957214e+06 9.730128531599432398e-21
1.319564318749652011e+06 1.052652903564761459e-20
1.326162140343399951e+06 1.122070395310481959e-20
1.332792951045116875e+06 9.765032273727684444e-21
1.339456915800342103e+06 8.281137228466753699e-21
1.346154200379343703e+06 7.987321432776743937e-21
1.352884971381240059e+06 7.597993793389031104e-21
1.359649396238146350e+06 7.584548688171587408e-21
1.366447643219336867e+06 7.718255493373699786e-21
1.373279881435432937e+06 7.906495431922330402e-21
1.380146280842610169e+06 7.947956186339848366e-21
1.387047012246822938e+06 7.519006888725695357e-21
1.393982247308057267e+06 7.496797676017323505e-21
1.400952158544597682e+06 7.144509890473025121e-21
1.407956919337320374e+06 7.228462245128038585e-21
1.414996703934006859e+06 7.075276632088468063e-21
1.422071687453676714e+06 6.630981786584145892e-21
1.429182045890945010e+06 6.776987539241870173e-21
1.436327956120399525e+06 6.584701749796230464e-21
1.443509595901001012e+06 6.591196152874011293e-21
1.450727143880506046e+06 6.356543139405207451e-21
1.457980779599908274e+06 6.035021092595883937e-21
1.465270683497907594e+06 5.799665511019087800e-21
1.472597036915397039e+06 5.668789525087262491e-21
1.479960022099973867e+06 5.387762935375323894e-21
1.487359822210473707e+06 5.184687591311864007e-21
1.494796621321525890e+06 5.024888530185700184e-21
1.502270604428133229e+06 4.793880007914358958e-21
1.509781957450273912e+06 4.675900423510688652e-21
1.517330867237525061e+06 4.581319278211140730e-21
1.524917521573712584e+06 4.495269625541729218e-21
1.532542109181580832e+06 4.394105836905403562e-21
1.540204819727488793e+06 4.340031816639289288e-21
1.547905843826126074e+06 4.263945409724356254e-21
1.555645373045256827e+06 4.200948738159875766e-21
1.563423599910482764e+06 4.132846994403423465e-21
1.571240717910034815e+06 4.095501253774908689e-21
1.579096921499584801e+06 4.061743151573663124e-21
1.586992406107082730e+06 4.024590612822940842e-21
1.594927368137618061e+06 3.986675470304975892e-21
1.602902004978306126e+06 3.939579249363826192e-21
1.610916515003197361e+06 3.896090227080887608e-21
1.618971097578213317e+06 3.919310974434654158e-21
1.627065953066104092e+06 3.928731848987071636e-21
1.635201282831434160e+06 3.933466565168109221e-21
1.643377289245591499e+06 3.986969656321412514e-21
1.651594175691819051e+06 3.958410926659454259e-21
1.659852146570277866e+06 3.784082098805165397e-21
1.668151407303129090e+06 3.746199256094393905e-21
1.676492164339644602e+06 3.845096678453937155e-21
1.684874625161342788e+06 3.770975688938675509e-21
1.693298998287149239e+06 3.812121829666891019e-21
1.701765493278584909e+06 3.819540435821263368e-21
1.710274320744977798e+06 3.792524570434943530e-21
1.718825692348702345e+06 3.621706136023075083e-21
1.727419820810445584e+06 3.442023436761442246e-21
1.736056919914497761e+06 3.357209081698839260e-21
1.744737204514069948e+06 3.119117535088117172e-21
1.753460890536640072e+06 3.021867814163207559e-21
1.762228194989323150e+06 2.936458179875798030e-21
1.771039335964269703e+06 2.997705098945293193e-21
1.779894532644090941e+06 2.964584815043586125e-21
1.788794005307311192e+06 2.832973628528302649e-21
1.797737975333847571e+06 2.830920511330712348e-21
1.806726665210516425e+06 2.790974727054819242e-21
1.815760298536568880e+06 2.616607964912429771e-21
1.824839100029251538e+06 2.458093221130645923e-21
1.833963295529397437e+06 2.381955516050603724e-21
1.843133112007044256e+06 2.348212291303270286e-21
1.852348777567079291e+06 2.329603281491250045e-21
1.861610521454914473e+06 2.318934303869008685e-21
1.870918574062188622e+06 2.267685746790343490e-21
1.880273166932499502e+06 2.179358743354623470e-21
1.889674532767161727e+06 2.178102800595175953e-21
1.899122905430997489e+06 2.209485263359882776e-21
1.908618519958152436e+06 2.163497630879632029e-21
1.918161612557942979e+06 2.108344948345194223e-21
1.927752420620732242e+06 2.055927139800962930e-21
1.937391182723835809e+06 2.048136993682126943e-21
1.947078138637454482e+06 2.003999566091117372e-21
1.956813529330641963e+06 1.977917204054806558e-21
1.966597596977294656e+06 1.946024147944841289e-21
1.976430584962181281e+06 1.914419351395199786e-21
1.986312737886991818e+06 1.844883181644705660e-21
1.996244301576426718e+06 1.803842018750957594e-21
2.006225523084308719e+06 1.821867305952175596e-21
2.016256650699729798e+06 1.783573635790099909e-21
2.026337933953228407e+06 1.736083502388208806e-21
2.036469623622994404e+06 1.732670495771102026e-21
2.046651971741108922e+06 1.735129287175372409e-21
2.056885231599814259e+06 1.726828490091771960e-21
2.067169657757812878e+06 1.734733063633327993e-21
2.077505506046601804e+06 1.734884909735150663e-21
2.087893033576834481e+06 1.727675864835410565e-21
2.098332498744718730e+06 1.740895286427296964e-21
2.108824161238441709e+06 1.731987158801669527e-21
2.119368282044633757e+06 1.705622089846882249e-21
2.129965123454856686e+06 1.657580354265067310e-21
2.140614949072130956e+06 1.599967152130491268e-21
2.151318023817491718e+06 1.563909275791740518e-21
2.162074613936578855e+06 1.534309278293751286e-21
2.172884987006261479e+06 1.527294052872248342e-21
2.183749411941292696e+06 1.519980478416617268e-21
2.194668159000998829e+06 1.512344706580998645e-21
2.205641499796003103e+06 1.508043583266024768e-21
2.216669707294982858e+06 1.529356382091265991e-21
2.227753055831457954e+06 1.542590422094739505e-21
2.238891821110615041e+06 1.556326910913912330e-21
2.250086280216167681e+06 1.593669244034547259e-21
2.261336711617248133e+06 1.639902728068210991e-21
2.272643395175334066e+06 1.660999950565778803e-21
2.284006612151210662e+06 1.679239596202916405e-21
2.295426645211966708e+06 1.636901379976599781e-21
2.306903778438026085e+06 1.577858460626022136e-21
2.318438297330216039e+06 1.541815104155718487e-21
2.330030488816867117e+06 1.499230431415696099e-21
2.341680641260951292e+06 1.478779983272979342e-21
2.353389044467255473e+06 1.459505421464842288e-21
2.365155989689591341e+06 1.447518107338504454e-21
2.376981769638039172e+06 1.444291563898997347e-21
2.388866678486229386e+06 1.477447185787452327e-21
2.400811011878660414e+06 1.531893343954672049e-21
2.412815066938053351e+06 1.593770674015238898e-21
2.424879142272743396e+06 1.760241245264430882e-21
2.437003537984107155e+06 1.929437449287015596e-21
2.449188555674027186e+06 2.274163811485037017e-21
2.461434498452397063e+06 2.661243709137349361e-21
2.473741670944659039e+06 3.183378249537978534e-21
2.486110379299382214e+06 3.519384197386611979e-21
2.498540931195878424e+06 3.473061896679382373e-21
2.511033635851857718e+06 3.169732213895579947e-21
2.523588804031116888e+06 2.610732073156272529e-21
2.536206748051271774e+06 2.216597962308869424e-21
2.548887781791528221e+06 1.883022540814650626e-21
2.561632220700485632e+06 1.689440285343423913e-21
2.574440381803988013e+06 1.520955677080794553e-21
2.587312583713007160e+06 1.446555522222557545e-21
2.600249146631571930e+06 1.383493708973520060e-21
2.613250392364729661e+06 1.361200330797507958e-21
2.626316644326553214e+06 1.338454202636550550e-21
2.639448227548185270e+06 1.322123504430313157e-21
2.652645468685925938e+06 1.316934998043405877e-21
2.665908696029355749e+06 1.321842364024253376e-21
2.679238239509501494e+06 1.323917531792734222e-21
2.692634430707049556e+06 1.310591088465628691e-21
2.706097602860583924e+06 1.295876707871394029e-21
2.719628090874887537e+06 1.274320651299756513e-21
2.733226231329261325e+06 1.258391718160566477e-21
2.746892362485907506e+06 1.240995454196925389e-21
2.760626824298337102e+06 1.227706627799981056e-21
2.774429958419828210e+06 1.216546977669991044e-21
2.788302108211927116e+06 1.218572150900444191e-21
2.802243618752986193e+06 1.242909373755210786e-21
2.816254836846750695e+06 1.252729943600817618e-21
2.830336111030983739e+06 1.278971397114193942e-21
2.844487791586138308e+06 1.321299336832089650e-21
2.858710230544068851e+06 1.368626934151000931e-21
2.873003781696788967e+06 1.422952468845183719e-21
2.887368800605272874e+06 1.490196015621119982e-21
2.901805644608298782e+06 1.562574801646845382e-21
2.916314672831339762e+06 1.655717650052537778e-21
2.930896246195496526e+06 1.760620061300928189e-21
2.945550727426473983e+06 1.901488382000130525e-21
2.960278481063605752e+06 2.064808140915791738e-21
2.975079873468923382e+06 2.275651977474109430e-21
2.989955272836267948e+06 2.529931492296571074e-21
3.004905049200448673e+06 2.828675135396533675e-21
3.019929574446450453e+06 3.101109664354618713e-21
3.035029222318682820e+06 3.349785585608375727e-21
3.050204368430275470e+06 3.430686702189915548e-21
3.065455390272426885e+06 3.437803743387321055e-21
3.080782667223788332e+06 3.355394821907770491e-21
3.096186580559907015e+06 3.261909527799768042e-21
3.111667513462706003e+06 3.206848651463210111e-21
3.127225851030019112e+06 3.144970991648032773e-21
3.142861980285169091e+06 3.030621598350273237e-21
3.158576290186594706e+06 2.879751666521540352e-21
3.174369171637527179e+06 2.647261741140744812e-21
3.190241017495714594e+06 2.406063737531968608e-21
3.206192222583192401e+06 2.148561465908235706e-21
3.222223183696108870e+06 1.927591651577943719e-21
3.238334299614588730e+06 1.733179845500901543e-21
3.254525971112661529e+06 1.595537401695459226e-21
3.270798600968224462e+06 1.473435618185946344e-21
3.287152593973065261e+06 1.401282919677114003e-21
3.303588356942930259e+06 1.335050455003845075e-21
3.320106298727644607e+06 1.304093025906498218e-21
3.336706830221282318e+06 1.279063305279666796e-21
3.353390364372388460e+06 1.277041703702592381e-21
3.370157316194250248e+06 1.287862144597723854e-21
3.387008102775221225e+06 1.322173926245431807e-21
3.403943143289096653e+06 1.379347727424697427e-21
3.420962859005541541e+06 1.456733592230855912e-21
3.438067673300568946e+06 1.484559139711135084e-21
3.455258011667071842e+06 1.490753105055012948e-21
3.472534301725406665e+06 1.380935022085255345e-21
3.489896973234033212e+06 1.253054662154875850e-21
3.507346458100203425e+06 1.121904432526249120e-21
3.524883190390704200e+06 9.959476769017429623e-22
3.542507606342657469e+06 9.103724181892232406e-22
3.560220144374370109e+06 8.325697076489132108e-22
3.578021245096241590e+06 7.780293427240929569e-22
3.595911351321722381e+06 7.469457201889068685e-22
3.613890908078330569e+06 7.013426934838262924e-22
3.631960362618721556e+06 6.710965122468703688e-22
3.650120164431815036e+06 6.458682446063675577e-22
3.668370765253973659e+06 6.248583039131014909e-22
3.686712619080243167e+06 6.074639785282447960e-22
3.705146182175644208e+06 5.975962283892279027e-22
3.723671913086521439e+06 5.872996868592681902e-22
3.742290272651953623e+06 5.732678943068640420e-22
3.761001724015213549e+06 5.609893883221988374e-22
3.779806732635288965e+06 5.497202173608614079e-22
3.798705766298465431e+06 5.426279202065720353e-22
3.817699295129957143e+06 5.365569268464479650e-22
3.836787791605606675e+06 5.273516057423506409e-22
3.855971730563634075e+06 5.201477510846644852e-22
3.875251589216452092e+06 5.100093650620212479e-22
3.894627847162534017e+06 5.038392830741221331e-22
3.914100986398346256e+06 5.008804064685250016e-22
3.933671491330336779e+06 4.947182004829745794e-22
3.953339848786988296e+06 4.918419749018065760e-22
3.973106548030923121e+06 4.869988745578485979e-22
3.992972080771077424e+06 4.800869897647331197e-22
4.012936941174932290e+06 4.744312161371559195e-22
4.033001625880806707e+06 4.719189056445316480e-22
4.053166634010209702e+06 4.694754163245068757e-22
4.073432467180260457e+06 4.674130060949420587e-22
4.093799629516161047e+06 4.658787315623208897e-22
4.114268627663741354e+06 4.646182352962670428e-22
4.134839970802059397e+06 4.641527403950491177e-22
4.155514170656069182e+06 4.638616522944613435e-22
4.176291741509349085e+06 4.649278183089905322e-22
4.197173200216894969e+06 4.663818903534161582e-22
4.218159066217979416e+06 4.719636694064592918e-22
4.239249861549068242e+06 4.784775029547642902e-22
4.260446110856814310e+06 4.873619290041878866e-22
4.281748341411096975e+06 4.982979057824830226e-22
4.388792049946374260e+06 6.559670579906910884e-22
4.498511851195033640e+06 1.889826534637420991e-21
4.610974647474909201e+06 1.043807399970370774e-21
4.726249013661781326e+06 7.625629929051057586e-22
4.844405239003324881e+06 8.021140468342834615e-22
4.965515369978408329e+06 8.224422795855098961e-22
5.089653254227867350e+06 9.289240573842593592e-22
5.216894585583563894e+06 5.653546796401262886e-22
5.347316950223152526e+06 4.893868379230935683e-22
5.480999873978730291e+06 4.550933888199517273e-22
5.618024870828198269e+06 4.029727221804695469e-22
5.758475492598902434e+06 3.807092734954649829e-22
5.902437379913874902e+06 3.483820053611303599e-22
6.049998314411722124e+06 3.440510882737057947e-22
6.201248272272014059e+06 3.533622717134560080e-22
6.356279479078813456e+06 3.999287516036187135e-22
6.515186466055783443e+06 4.354070446581315040e-22
6.678066127707177773e+06 4.806470769573490137e-22
6.845017780899857171e+06 4.968347214871749981e-22
7.016143225422353484e+06 4.472779113059222341e-22
7.191546806057911366e+06 3.806989041655529812e-22
7.371335476209358312e+06 3.329548197127650979e-22
7.555618863114592619e+06 3.285204141619956720e-22
7.744509334692456760e+06 3.025328900290496308e-22
7.938122068059768528e+06 2.897413697909976684e-22
8.136575119761261158e+06 2.798147664081330238e-22
8.339989497755292803e+06 2.718324225186967769e-22
8.548489235199175775e+06 2.647378686406100104e-22
8.762201466079153121e+06 2.588149648203140094e-22
8.981256502731131390e+06 2.532927912857779001e-22
9.205787915299408138e+06 2.487655270709338424e-22
9.435932613181892782e+06 2.453236548499995626e-22
9.671830928511440754e+06 2.426124403745781171e-22
9.913626701724225655e+06 2.406950163621661355e-22
1.016146736926732957e+07 2.394636726212143631e-22
1.041550405349901319e+07 2.390002559675404147e-22
1.067589165483648703e+07 2.393504606976884441e-22
1.094278894620739855e+07 2.403114104263089640e-22
1.121635866986258328e+07 2.419572986189780789e-22
1.149676763660914823e+07 2.441559437691817398e-22
1.178418682752437517e+07 2.468028122464573357e-22
1.207879149821248278e+07 2.497015792980022339e-22
1.238076128566779383e+07 2.527798306637428845e-22
1.269028031780948862e+07 2.557991234418933019e-22
1.300753732575472444e+07 2.588072155575563871e-22
1.333272575889858976e+07 2.644176723964162253e-22
1.366604390287105180e+07 2.632053726976276182e-22
1.400769500044282712e+07 2.668942233891969941e-22
1.435788737545389496e+07 2.667952921067873427e-22
1.471683455984024331e+07 2.672936511866226403e-22
1.508475542383624613e+07 2.680429754467737128e-22
1.546187430943215266e+07 2.684947505818467741e-22
1.584842116716795601e+07 2.687782884906849860e-22
1.624463169634715095e+07 2.692711553463911084e-22
1.665074748875582777e+07 2.700092741793109841e-22
1.706701617597472295e+07 2.711443147886833353e-22
1.749369158037408814e+07 2.725578257445889475e-22
1.793103386988344043e+07 2.746780676681819075e-22
1.837930971663052589e+07 2.775253828860923117e-22
1.883879245954628661e+07 2.812188329502702238e-22
1.930976227103494108e+07 2.857762833896373128e-22
1.979250632781081274e+07 2.913309460543132528e-22
2.028731898600608110e+07 2.978332383391868949e-22
2.079450196065622941e+07 3.054899224691057314e-22
2.131436450967263430e+07 3.140901149880928597e-22
2.184722362241444737e+07 3.236731891479022293e-22
2.239340421297480911e+07 3.342133414976510620e-22
2.295323931829917431e+07 3.457586964071125255e-22
2.352707030125664920e+07 3.581645755153323524e-22
2.411524705878806114e+07 3.713811473451480610e-22
2.471812823525775969e+07 3.846160441425655871e-22
2.533608144113920629e+07 3.995074179647461731e-22
2.596948347716768086e+07 4.135324801831112257e-22
2.661872056409687176e+07 4.284482834229735672e-22
2.728418857819928974e+07 4.435248297024154958e-22
2.796629329265426844e+07 4.584911833722069573e-22
2.866545062497062609e+07 4.735202276869104439e-22
2.938208689059488848e+07 4.884012494824580353e-22
3.011663906285975873e+07 5.026910761632753568e-22
3.086955503943125159e+07 5.162116662343249996e-22
3.164129391541702673e+07 5.291245637678718775e-22
3.243232626330244914e+07 5.410049594663164764e-22
3.324313441988500953e+07 5.519550906093918924e-22
3.407421278038212657e+07 5.618739022262764678e-22
3.492606809989167750e+07 5.705289709683847388e-22
3.579921980238896608e+07 5.793281573885704112e-22
3.669420029744869471e+07 5.839636673441919746e-22
3.761155530488490313e+07 5.886054722337073347e-22
3.855184418750702590e+07 5.916182193515305995e-22
3.951564029219469428e+07 5.930995689915816391e-22
4.050353129949956387e+07 5.931167504108893472e-22
4.151611958198704571e+07 5.914790258879444336e-22
4.255402257153671980e+07 5.884369656100256604e-22
4.361787313582513481e+07 5.841695737460384131e-22
4.470831996422076225e+07 5.786499018182010658e-22
4.582602796332628280e+07 5.722425533576310862e-22
4.697167866240943968e+07 5.651286547342632884e-22
4.814597062896966934e+07 5.570352776515882204e-22
4.934961989469391108e+07 5.489826503717902840e-22
5.058336039206125587e+07 5.398329474682361966e-22
5.184794440186277777e+07 5.310864837739230650e-22
5.314414301190934330e+07 5.220830306163541133e-22
5.447274658720707893e+07 5.116845715613238592e-22
5.583456525188724697e+07 4.973136714011691091e-22
5.723042938318442553e+07 4.774728829361283354e-22
5.866119011776403338e+07 4.544761441948075737e-22
6.012771987070813030e+07 4.309371238442206533e-22
6.163091286747582257e+07 4.080408077372728433e-22
6.317168568916270137e+07 3.860425658775369645e-22
6.475097783139176667e+07 3.647742242743842988e-22
6.636975227717655897e+07 3.442597592914080839e-22
6.802899608410596848e+07 3.244484750028596426e-22
6.972972098620860279e+07 3.053312056422074267e-22
7.147296401086381078e+07 2.867620423118553178e-22
7.325978811113539338e+07 2.688890940687960623e-22
7.509128281391377747e+07 2.516847108778078177e-22
7.696856488426160812e+07 2.350642701128168371e-22
7.889277900636813045e+07 2.192016463507607462e-22
8.086509848152732849e+07 2.040016051786165939e-22
8.288672594356550276e+07 1.894995716937685675e-22
8.495889409215465188e+07 1.756531506462757854e-22
8.708286644445849955e+07 1.625305274701376261e-22
8.925993810556995869e+07 1.501161360038775926e-22
9.149143655820921063e+07 1.384417333282041269e-22
9.377872247216442227e+07 1.274274853287278938e-22
9.612319053396852314e+07 1.171012692717550724e-22
9.852627029731772840e+07 1.072550261037901713e-22
1.009894270547506809e+08 9.790941558826461566e-23
1.035141627311194241e+08 8.899963112808970083e-23
1.061020167993973941e+08 8.076892150451073781e-23
1.087545672193823159e+08 7.320087360159223749e-23
1.114734313998668790e+08 6.626558048626734342e-23
1.142602671848635375e+08 5.993297121337272464e-23
1.171167738644851148e+08 5.415057247628156843e-23
1.200446932110972404e+08 4.885304065522715862e-23
1.230458105413746536e+08 4.403601079732827495e-23
1.261219558049090058e+08 3.965136691605988504e-23
1.292750047000317276e+08 3.567104032541410898e-23
1.325068798175325096e+08 3.205018214436558403e-23
1.358195518129708171e+08 2.878831550171415864e-23
1.392150406082950830e+08 2.581777684612667899e-23
1.426954166235024333e+08 2.314092429234321163e-23
1.462628020390900075e+08 2.073052629320853485e-23
1.499193720900672376e+08 1.855136317636064956e-23
1.536673563923189044e+08 1.658864257319290826e-23
1.575090403021268547e+08 1.482922192192006843e-23
1.614467663096800148e+08 1.324591296879034650e-23
1.654829354674220085e+08 1.182129760415285037e-23
1.696200088541075587e+08 1.054995442757526019e-23
1.738605090754602551e+08 9.406434196130839013e-24
1.782070218023467362e+08 8.380657543730319598e-24
1.826621973474054039e+08 7.466111096608579825e-24
1.872287522810904980e+08 6.647119956649458176e-24
1.919094710881177187e+08 5.914731193440536801e-24
1.967072078653206825e+08 5.260775493963428742e-24
2.016248880619536638e+08 4.677411854626844706e-24
2.066655102635025382e+08 4.156474912250343824e-24
2.118321480200900435e+08 3.692737426059251242e-24
2.171279517205923200e+08 3.279507897344849589e-24
2.225561505136071146e+08 2.911450437754083641e-24
2.281200542764472663e+08 2.583704833181129612e-24
2.338230556333584189e+08 2.292889860201149199e-24
2.396686320241923630e+08 2.033130216606398970e-24
2.456603478247971833e+08 1.803291888332195825e-24
2.518018565204170942e+08 1.598944534160940704e-24
2.580969029334275126e+08 1.416718245549498444e-24
2.645493255067631900e+08 1.255279547904877238e-24
2.711630586444322467e+08 1.112819163294066801e-24
2.779421351105430126e+08 9.856788527367373392e-25
2.848906884883065820e+08 8.726646606469755277e-25
2.920129557005141973e+08 7.727338249414506425e-25
2.993132795930270553e+08 6.839570573244397340e-25
3.067961115828526616e+08 6.051993575091333372e-25
3.144660143724239469e+08 5.356218665751493201e-25
3.223276647317345142e+08 4.736609682548851450e-25
3.303858563500278592e+08 4.186418155455470683e-25
3.386455027587785721e+08 3.700390227043380269e-25
3.471116403277480006e+08 3.269597906485055331e-25
3.557894313359416127e+08 2.886833832554397536e-25
3.646841671193400621e+08 2.548655247848255130e-25
3.738012712973235846e+08 2.249285290800397931e-25
3.831463030797566175e+08 1.984402209665147317e-25
3.927249606567505002e+08 1.750336789293578070e-25
4.025430846731692553e+08 1.543587974862780925e-25
4.126066617899984121e+08 1.360958256991164436e-25
4.229218283347483873e+08 1.199791976960189388e-25
4.334948740431170464e+08 1.057762232086584823e-25
4.443322458941949010e+08 9.320187480622350961e-26
4.554405520415497422e+08 8.210212100267689551e-26
4.668265658425884843e+08 7.232679218389649951e-26
4.784972299886531234e+08 6.371064537849882308e-26
4.904596607383693457e+08 5.609814660033524648e-26
5.027211522568285465e+08 4.941125891482457619e-26
5.152891810632491708e+08 4.350126956065407244e-26
5.281714105898303986e+08 3.828433696467446293e-26
5.413756958545761108e+08 3.370636218627197824e-26
5.549100882509404421e+08 2.966982394473910911e-26
5.687828404572139978e+08 2.610885693752413934e-26
5.830024114686442614e+08 2.298275604690859684e-26
5.975774717553602457e+08 2.022437638916916618e-26
6.125169085492442846e+08 1.779400042521991330e-26
6.278298312629753351e+08 1.566311794255642143e-26
6.435255770445497036e+08 1.378643338436585815e-26
6.596137164706633091e+08 1.212950538471328207e-26
6.761040593824298382e+08 1.067535161438675092e-26
6.930066608669905663e+08 9.396122746218743458e-27
7.103318273886651993e+08 8.265782677824582014e-27
7.280901230733819008e+08 7.274664204166181462e-27
7.462923761502163410e+08 6.404302163478046886e-27
7.649496855539716482e+08 5.638166015537115175e-27
7.840734276928209066e+08 4.963067345922255921e-27
8.036752633851413727e+08 4.370524332815492610e-27
8.237671449697697163e+08 3.847987933691329401e-27
8.443613235940139294e+08 3.387399353815714025e-27
8.654703566838641167e+08 2.983176986949814539e-27
8.871071156009607315e+08 2.626948418360754026e-27
9.092847934909845591e+08 2.312696907358944369e-27
9.320169133282591105e+08 2.038723974844544918e-27
9.553173361614655256e+08 1.796905505825436334e-27
9.792002695655021667e+08 1.583124501764713338e-27
1.003680276304639578e+09 1.396804426690179667e-27
1.028772283212255478e+09 1.230989829622475574e-27
1.054491590292561769e+09 1.084270509182566598e-27
1.080853880049875736e+09 9.556153897330085247e-28
1.107875227051122665e+09 8.422570973325444339e-28
1.135572107727400780e+09 7.422140815072692815e-28
1.163961410420585394e+09 6.543678103034327713e-28
1.193060445681100130e+09 5.770062064109527410e-28
1.222886956823127508e+09 5.086514088560630077e-28
1.253459130743705750e+09 4.484286777360957750e-28
1.284795609012298107e+09 3.955047866209958123e-28
1.316915499237605572e+09 3.487284538227165395e-28
1.349838386718545437e+09 3.076180475028293153e-28
1.383584346386509180e+09 2.714186868432041158e-28
1.418173955046171904e+09 2.397824787663340876e-28
1.453628303922326088e+09 2.117260446660589777e-28
1.489969011520383835e+09 1.869112041802410710e-28
1.527218236808393478e+09 1.650899226620083670e-28
1.565398692728603125e+09 1.458776632753076010e-28
1.604533660046818256e+09 1.289633382417334531e-28
1.644647001547988415e+09 1.140173127895541984e-28
1.685763176586687803e+09 1.007695792365164545e-28
1.727907256001355171e+09 8.906143965925706233e-29
1.771104937401388884e+09 7.867885811883337393e-29
1.815382560836423397e+09 6.950499761931267369e-29
1.860767124857333660e+09 6.143086085759374469e-29
1.907286302978766918e+09 5.433349552100567836e-29
1.954968460553236008e+09 4.809316298695498215e-29
2.003842672067066669e+09 4.252196929098648675e-29
2.053938738868743181e+09 3.766345215808501009e-29
2.105287207340461731e+09 3.337014911484459945e-29
2.157919387523972988e+09 2.954907621173328454e-29
2.211867372212072372e+09 2.615092896076409231e-29
2.267164056517374039e+09 2.322389737690990512e-29
2.323843157930307865e+09 2.065389163643399405e-29
2.381939236878565788e+09 1.827481343875617833e-29
2.441487717800529480e+09 1.617449574454845985e-29
2.502524910745542526e+09 1.431100372908346837e-29
2.565088033514180660e+09 1.267069184746463187e-29
2.629215234352035046e+09 1.122384040219815956e-29
2.694945615210835934e+09 9.949171013913901929e-30
2.762319255591106415e+09 8.811648058606634611e-30
2.831377236980883598e+09 7.827686253585743787e-30
2.902161667905405998e+09 6.962110314508063279e-30
2.974715709603040695e+09 6.182035208415301581e-30
3.049083602343116283e+09 5.492795529083030895e-30
3.125310692401694298e+09 4.866276997635649124e-30
3.203443459711735725e+09 4.321910017359298640e-30
3.283529546204528809e+09 3.830420814964496420e-30
3.365617784859642506e+09 3.396847388306621989e-30
3.449758229481132507e+09 3.022462931904357515e-30
3.536002185218160629e+09 2.684237556641242741e-30
3.624402239848614216e+09 2.384748135845033820e-30
3.715012295844829082e+09 2.126495269028304481e-30
3.807887603240949631e+09 1.885800748111220507e-30
3.903084793321972847e+09 1.677356901346852079e-30
4.000661913155021667e+09 1.491035439786708408e-30
4.100678460983896732e+09 2.269888322750135041e-34
