4.373989184801420294e+01 0.000000000000000000e+00
4.483338914421455712e+01 0.000000000000000000e+00
4.595422387281991661e+01 0.000000000000000000e+00
4.710307946964042003e+01 0.000000000000000000e+00
4.828065645638141490e+01 0.000000000000000000e+00
4.948767286779094832e+01 0.000000000000000000e+00
5.072486468948572025e+01 0.000000000000000000e+00
5.199298630672285526e+01 0.000000000000000000e+00
5.329281096439092380e+01 0.000000000000000000e+00
5.462513123850068553e+01 0.000000000000000000e+00
5.599075951946319663e+01 0.000000000000000000e+00
5.739052850744977263e+01 0.000000000000000000e+00
5.882529172013601482e+01 0.000000000000000000e+00
6.029592401313941252e+01 0.000000000000000000e+00
6.180332211346788540e+01 0.000000000000000000e+00
6.334840516630458040e+01 0.000000000000000000e+00
6.493211529546218230e+01 0.000000000000000000e+00
6.655541817784873615e+01 0.000000000000000000e+00
6.821930363229495242e+01 0.000000000000000000e+00
6.992478622310231628e+01 0.000000000000000000e+00
7.167290587867987028e+01 0.000000000000000000e+00
7.346472852564686207e+01 0.000000000000000000e+00
7.530134673878802687e+01 0.000000000000000000e+00
7.718388040725771759e+01 0.000000000000000000e+00
7.911347741743915662e+01 0.000000000000000000e+00
8.109131435287511636e+01 0.000000000000000000e+00
8.311859721169699355e+01 0.000000000000000000e+00
8.519656214198940347e+01 0.000000000000000000e+00
8.732647619553914353e+01 0.000000000000000000e+00
8.950963810042759405e+01 0.000000000000000000e+00
9.174737905293829954e+01 0.000000000000000000e+00
9.404106352926174850e+01 0.000000000000000000e+00
9.639209011749326805e+01 0.000000000000000000e+00
9.880189237043057915e+01 0.000000000000000000e+00
1.012719396796913429e+02 0.000000000000000000e+00
1.038037381716836194e+02 0.000000000000000000e+00
1.063988316259757028e+02 0.000000000000000000e+00
1.090588024166250847e+02 0.000000000000000000e+00
1.117852724770407065e+02 0.000000000000000000e+00
1.145799042889667163e+02 0.000000000000000000e+00
1.174444018961908682e+02 0.000000000000000000e+00
1.203805119435956215e+02 0.000000000000000000e+00
1.233900247421855170e+02 0.000000000000000000e+00
1.264747753607401535e+02 0.000000000000000000e+00
1.296366447447586552e+02 0.000000000000000000e+00
1.328775608633776244e+02 0.000000000000000000e+00
1.361994998849620515e+02 0.000000000000000000e+00
1.396044873820860914e+02 0.000000000000000000e+00
1.430945995666382373e+02 0.000000000000000000e+00
1.466719645558041805e+02 0.000000000000000000e+00
1.503387636696992899e+02 0.000000000000000000e+00
1.540972327614417452e+02 0.000000000000000000e+00
1.579496635804777611e+02 0.000000000000000000e+00
1.618984051699897009e+02 0.000000000000000000e+00
1.659458652992394434e+02 0.000000000000000000e+00
1.700945119317204046e+02 0.000000000000000000e+00
1.743468747300133828e+02 0.000000000000000000e+00
1.787055465982637656e+02 0.000000000000000000e+00
1.831731852632202902e+02 0.000000000000000000e+00
1.877525148948008109e+02 0.000000000000000000e+00
1.924463277671708283e+02 0.000000000000000000e+00
1.972574859613500848e+02 0.000000000000000000e+00
2.021889231103838540e+02 0.000000000000000000e+00
2.072436461881434298e+02 0.000000000000000000e+00
2.124247373428470098e+02 0.000000000000000000e+00
2.177353557764181460e+02 0.000000000000000000e+00
2.231787396708286053e+02 0.000000000000000000e+00
2.287582081625992885e+02 0.000000000000000000e+00
2.344771633666642288e+02 0.000000000000000000e+00
2.403390924508308331e+02 0.000000000000000000e+00
2.463475697621015854e+02 2.102277828271803697e-81
2.525062590061540675e+02 3.567559258754567632e-80
2.588189154813078972e+02 2.611119765636341759e-79
2.652893883683406102e+02 1.577503201828684203e-78
2.719216230775490999e+02 8.815576214707642012e-78
2.787196636544878174e+02 4.597698295335625287e-77
2.856876552458499532e+02 7.823914370298022171e-76
2.928298466269961864e+02 1.460373950295688854e-74
3.001505927926710910e+02 1.026498553852293218e-73
3.076543576124878427e+02 5.490957435216973987e-73
3.153457165527999564e+02 2.586432545385177302e-72
3.232293594666199397e+02 1.131493765370853634e-71
3.313100934532854467e+02 3.853079323448152988e-70
3.395928457896175132e+02 2.481377577134445073e-69
3.480826669343579169e+02 1.180939487264872529e-68
3.567847336077168166e+02 5.103823364795655715e-68
3.657043519479097426e+02 5.822490544684783669e-67
3.748469607466074081e+02 6.269748624570023913e-66
3.842181347652725663e+02 3.162160312171013768e-65
3.938235881344043037e+02 1.331320903538355237e-64
4.036691778377644368e+02 7.561026534709700239e-64
4.137609072837084909e+02 7.203647782319625610e-63
4.241049299658010909e+02 3.864495212960754589e-62
4.347075532149460741e+02 1.605619093453258499e-61
4.455752420453197260e+02 7.840911681235315058e-61
4.567146230964527263e+02 3.447282206000026464e-60
4.681324886738639748e+02 1.256479800316237236e-59
4.798358008907105159e+02 4.337666475298999557e-59
4.918316959129782617e+02 2.048936745722242372e-58
5.041274883108027325e+02 8.021868062537044862e-58
5.167306755185727525e+02 2.758580798420379827e-57
5.296489424065370031e+02 9.203202164627380366e-57
5.428901659667003514e+02 2.696943710633838356e-56
5.564624201158678716e+02 7.521235357513519041e-56
5.703739806187645627e+02 2.859697956347097670e-55
5.846333301342335744e+02 6.576482544134664008e-55
5.992491633875893058e+02 1.895803973985179842e-54
6.142303924722790498e+02 3.617782630614188623e-54
6.295861522840859834e+02 9.077261782380677128e-54
6.453258060911880420e+02 1.523599274227814455e-53
6.614589512434677090e+02 3.962218506095433709e-53
6.779954250245543790e+02 8.879735125185962169e-53
6.949453106501681532e+02 1.788795165915269289e-52
7.123189434164223712e+02 3.657591134332041118e-52
7.301269170018327941e+02 7.712878501383562606e-52
7.483800899268785543e+02 1.114277919561091593e-51
7.670895921750504840e+02 1.537134435854138939e-51
7.862668319794266836e+02 2.717486721657850910e-51
8.059235027789123933e+02 3.752566214581798089e-51
8.260715903483851434e+02 6.661027757360589297e-51
8.467233801070947266e+02 9.444236645656743358e-51
8.678914646097719015e+02 1.233462503412449538e-50
8.895887512250160398e+02 1.487060404100247708e-50
9.118284700056414067e+02 1.399187933761929805e-50
9.346241817557823879e+02 1.386412506892224050e-50
9.579897862996767799e+02 1.018873993891488592e-50
9.819395309571686994e+02 1.100029648805327934e-50
1.006488019231097724e+03 1.019453146286518898e-50
1.031650219711875025e+03 5.989516969814108735e-51
1.057441475204671860e+03 4.322856660413230993e-51
1.083877512084788577e+03 4.928306154989730751e-51
1.110974449886908133e+03 1.017344541238130463e-50
1.138748811134080825e+03 3.566310105391192649e-50
1.167217531412432891e+03 1.585405117150936685e-49
1.196397969697743520e+03 6.226631157960339790e-49
1.226307918940186937e+03 1.891067722310403557e-48
1.256965616913691747e+03 7.790747754817909476e-48
1.288389757336533648e+03 2.725981532822835361e-47
1.320599501269946813e+03 1.019508700218607906e-46
1.353614488801695416e+03 2.373070967064713384e-46
1.387454851021737795e+03 4.731075794965009476e-46
1.422141222297281047e+03 1.707771533893473357e-45
1.457694752854712988e+03 6.540951028169604584e-45
1.494137121676080824e+03 2.045840798023360711e-44
1.531490549717982731e+03 3.523638272645582565e-44
1.569777813460932293e+03 7.762213354914436903e-44
1.609022258797455834e+03 1.927081011019655689e-43
1.649247815267392070e+03 4.384291419069416093e-43
1.690479010649076827e+03 1.148754217559916741e-42
1.732740985915303327e+03 2.259900728732199186e-42
1.776059510563185540e+03 6.584896424662833861e-42
1.820460998327265315e+03 2.052222679784512138e-41
1.865972523285446641e+03 5.846377355415437366e-41
1.912621836367582546e+03 1.976857042251887818e-40
1.960437382276772041e+03 6.169486624571000559e-40
2.009448316833691251e+03 1.523109525689220232e-39
2.059684524754533413e+03 4.184904326805777177e-39
2.111176637873396430e+03 1.112708556834562310e-38
2.163956053820231318e+03 2.922158506423840103e-38
2.218054955165736828e+03 7.434665410183244289e-38
2.273506329044880204e+03 1.884682908945312551e-37
2.330343987271001879e+03 4.564236233610062694e-37
2.388602586952776619e+03 1.143800146377494688e-36
2.448317651626595762e+03 2.659546938346804456e-36
2.509525592917260838e+03 6.674890434178370742e-36
2.572263732740191699e+03 1.554366303629416088e-35
2.636570326058696992e+03 3.534390491053850551e-35
2.702484584210164030e+03 7.840049391166557176e-35
2.770046698815417585e+03 1.701837639651054721e-34
2.839297866285803138e+03 3.534257964597393554e-34
2.910280312942948058e+03 7.456049523896815488e-34
2.983037320766521134e+03 1.535984023536124445e-33
3.057613253785684719e+03 3.114745994415379817e-33
3.134053585130325700e+03 6.054747775876773987e-33
3.212404924758584002e+03 1.555885095406961547e-32
3.292715047877548386e+03 4.058250609419561691e-32
3.375032924074486800e+03 6.473634928810882003e-32
3.459408747176349152e+03 1.396909624930024303e-31
3.545893965855757415e+03 2.552418990061848331e-31
3.634541315002151805e+03 4.417972306072834971e-31
3.725404847877205157e+03 1.232565415081406042e-30
3.818539969074135115e+03 3.124355282523580719e-30
3.914003468300988516e+03 6.657009572730055824e-30
4.011853555008512558e+03 1.237241662969058788e-29
4.112149893883724872e+03 2.031409535761880332e-29
4.214953641230817993e+03 3.139484200923574313e-29
4.320327482261587647e+03 5.344576703981452482e-29
4.428335669318127657e+03 8.726287944834915452e-29
4.539044061051080462e+03 1.207129632622598116e-28
4.652520162577357041e+03 1.703529558416072433e-28
4.768833166641790740e+03 2.872915317907045783e-28
4.888053995807835236e+03 4.488621782115424420e-28
5.010255345703031708e+03 6.382929443298558867e-28
5.135511729345606909e+03 8.740769380438212632e-28
5.263899522579245968e+03 2.736287412667067529e-27
5.395497010643726753e+03 3.383898371827253825e-27
5.530384435909819331e+03 4.775537656387043807e-27
5.668644046807563427e+03 5.903675045950092981e-27
5.810360147977752604e+03 8.246836196214395843e-27
5.955619151677194168e+03 1.128663304263070372e-26
6.104509630469124204e+03 1.387472860023776735e-26
6.257122371230852877e+03 3.639539702352656566e-26
6.413550430511622835e+03 8.505856792028864557e-26
6.573889191274412951e+03 1.041215048881094202e-25
6.738236421056272775e+03 1.257126545252867838e-25
6.906692331582678889e+03 1.522033194529929450e-25
7.079359639872244770e+03 1.865201547141272513e-25
7.256343630869050685e+03 2.257179240700469675e-25
7.437752221640776042e+03 2.738222996537620674e-25
7.623696027181794307e+03 3.278285607818356199e-25
7.814288427861337368e+03 3.910802765505348994e-25
8.009645638557869461e+03 4.656497564278791229e-25
8.209886779521815697e+03 5.078488430952575368e-25
8.415133949009861681e+03 5.764646911789893832e-25
8.625512297735107495e+03 6.333536258381257405e-25
8.841150105178483500e+03 6.834628337026961180e-25
9.062178857807946770e+03 5.387231281137149057e-25
9.288733329253143893e+03 2.064151175715368635e-25
9.520951662484470944e+03 1.543782912299652487e-25
9.758975454046581945e+03 1.669205538596616260e-25
1.000294984039774499e+04 2.175346091655213373e-25
1.025302358640768762e+04 4.256412566312488042e-25
1.050934917606787894e+04 5.816854484217132762e-25
1.077208290546957505e+04 5.522804484894844062e-25
1.104138497810631452e+04 6.516629856609894201e-25
1.131741960255896993e+04 6.650051559662505909e-25
1.160035509262294363e+04 7.142868653988964946e-25
1.189036396993851849e+04 7.581579931898978573e-25
1.218762306918697868e+04 7.799345090617669536e-25
1.249231364591665260e+04 8.120498342890256422e-25
1.280462148706456719e+04 8.332906982977088642e-25
1.312473702424117801e+04 8.508186622295728028e-25
1.319036070936238320e+04 8.293703653518121333e-25
1.325631251290919317e+04 7.051916990645206993e-25
1.332259407547373667e+04 7.168422929721361837e-25
1.338920704585110616e+04 8.522569788649851530e-25
1.345615308108035788e+04 8.920856505158180875e-25
1.352343384648575920e+04 9.156082287776715181e-25
1.359105101571818523e+04 9.375292365235430036e-25
1.365900627079677361e+04 9.409042046122276581e-25
1.372730130215075587e+04 9.592640109255525622e-25
1.379593780866150883e+04 9.624920556726306607e-25
1.386491749770481329e+04 9.724952417709039507e-25
1.393424208519333661e+04 9.809652971073747958e-25
1.400391329561930252e+04 9.933447940895777175e-25
1.407393286209739745e+04 1.008879333687027487e-24
1.414430252640788240e+04 1.014554929601670586e-24
1.421502403903992308e+04 1.025772018602938620e-24
1.428609915923511835e+04 1.031472032339502847e-24
1.435752965503129235e+04 1.038786734576535009e-24
1.442931730330644859e+04 1.043240966481798104e-24
1.450146388982297867e+04 1.039717281999718695e-24
1.457397120927209289e+04 1.065729884852089962e-24
1.464684106531845100e+04 1.057303680195840646e-24
1.472007527064504393e+04 1.064622244363843045e-24
1.479367564699826471e+04 1.071450602749042918e-24
1.486764402523325407e+04 1.088636870757164972e-24
1.494198224535941699e+04 1.085658696619570306e-24
1.501669215658621397e+04 1.074537505564242986e-24
1.509177561736914504e+04 1.072950599822859571e-24
1.516723449545598669e+04 1.095848552105690016e-24
1.524307066793326521e+04 1.079156593995689148e-24
1.531928602127293016e+04 1.088561864344756802e-24
1.539588245137929516e+04 1.111052260622281594e-24
1.547286186363618981e+04 1.110756326106137838e-24
1.555022617295436976e+04 1.108238641034644178e-24
1.562797730381914153e+04 1.132560746423517275e-24
1.570611719033823465e+04 1.117948736157015579e-24
1.578464777628992306e+04 1.127806385073106376e-24
1.586357101517137198e+04 1.136227199530344731e-24
1.594288887024722681e+04 1.151584248865716337e-24
1.602260331459845838e+04 1.156971244529530087e-24
1.610271633117145029e+04 1.145728579114712472e-24
1.618322991282730436e+04 1.186149465683437064e-24
1.626414606239143905e+04 1.166802523223478769e-24
1.634546679270339519e+04 1.120769621086269674e-24
1.642719412666691278e+04 1.173316946705818041e-24
1.650933009730024423e+04 1.153437914154490111e-24
1.659187674778674409e+04 1.166110416341634832e-24
1.667483613152567341e+04 1.133354197463268716e-24
1.675821031218329881e+04 1.173073650658717883e-24
1.684200136374421709e+04 1.119181972519788056e-24
1.692621137056293446e+04 1.133279329475942233e-24
1.701084242741574781e+04 1.138620019958854636e-24
1.709589663955282595e+04 1.129141253370574716e-24
1.718137612275058564e+04 1.153551920110818473e-24
1.726728300336434040e+04 1.155437362611006680e-24
1.735361941838116036e+04 1.207365472076884333e-24
1.744038751547306310e+04 1.220853698621625006e-24
1.752758945305042653e+04 1.163238758578461343e-24
1.761522740031567810e+04 1.218011853937665285e-24
1.770330353731725336e+04 1.256473689113812105e-24
1.779182005500384184e+04 1.228954821728428501e-24
1.788077915527885852e+04 1.270717440979817207e-24
1.797018305105524996e+04 1.271523596647489846e-24
1.806003396631052237e+04 1.292325187725734302e-24
1.815033413614207529e+04 1.293368201776490897e-24
1.824108580682278262e+04 1.208752429936522796e-24
1.833229123585689376e+04 1.257239864268991245e-24
1.842395269203617499e+04 1.241135942474928629e-24
1.851607245549635627e+04 1.286148792255819304e-24
1.860865281777383279e+04 1.236871079513785247e-24
1.870169608186270489e+04 1.239740541856713860e-24
1.879520456227201430e+04 1.283265253371050145e-24
1.888918058508337344e+04 1.300103645406183923e-24
1.898362648800878378e+04 1.276338250524310559e-24
1.907854462044882530e+04 1.352782536648131891e-24
1.917393734355107154e+04 1.319939869515348261e-24
1.926980703026882475e+04 1.350471435659350251e-24
1.936615606542016758e+04 1.372130883862675916e-24
1.946298684574726576e+04 1.348987375660569461e-24
1.956030177997600185e+04 1.331440210559703594e-24
1.965810328887587821e+04 1.359799529427759300e-24
1.975639380532025461e+04 1.321666274817671765e-24
1.985517577434685518e+04 1.366743576455144669e-24
1.995445165321858804e+04 1.389643440556115330e-24
2.005422391148467796e+04 1.308418071364781019e-24
2.015449503104210089e+04 1.363142106588374103e-24
2.025526750619730956e+04 1.406073814937872556e-24
2.035654384372829372e+04 1.379547786733037780e-24
2.045832656294693516e+04 1.373466679149605366e-24
2.056061819576166454e+04 1.315035940153899488e-24
2.066342128674047126e+04 1.370927426744136889e-24
2.076673839317417151e+04 1.396012732355137466e-24
2.087057208514004014e+04 1.397356481408009677e-24
2.097492494556574093e+04 1.395166909560695007e-24
2.107979957029356592e+04 1.401197122259760811e-24
2.118519856814502782e+04 1.368515557494230976e-24
2.129112456098575421e+04 1.384051777316579293e-24
2.139758018379067653e+04 1.397039519194103484e-24
2.150456808470963006e+04 1.418423612176135585e-24
2.161209092513317592e+04 1.407622361988621568e-24
2.172015137975884136e+04 1.400005036696521067e-24
2.182875213665763295e+04 1.421802754940421025e-24
2.193789589734091714e+04 1.424685357537884672e-24
2.204758537682762108e+04 1.441127784561508816e-24
2.215782330371175703e+04 1.435528405192176271e-24
2.226861242023031446e+04 1.481998612170161391e-24
2.237995548233146474e+04 1.483794404960419432e-24
2.249185525974311895e+04 1.536239060062323684e-24
2.260431453604183480e+04 1.469270160644578026e-24
2.271733610872204372e+04 1.454464964525621041e-24
2.283092278926564541e+04 1.470173729757959936e-24
2.294507740321197343e+04 1.481532171098689408e-24
2.305980279022803006e+04 1.441173864742520350e-24
2.317510180417917218e+04 1.435414290825532063e-24
2.329097731320005914e+04 1.467358516748206553e-24
2.340743219976605906e+04 1.441129665663466264e-24
2.352446936076488782e+04 1.362242603271719941e-24
2.364209170756871026e+04 1.422521660157743343e-24
2.376030216610655407e+04 1.417383728664617481e-24
2.387910367693708395e+04 1.428817982407113443e-24
2.399849919532176500e+04 1.382577899490213067e-24
2.411849169129836810e+04 1.350443362214095058e-24
2.423908414975486085e+04 1.172001884674319298e-24
2.436027957050362966e+04 1.367583817857177648e-24
2.448208096835614560e+04 1.474334856785400385e-24
2.460449137319792499e+04 1.507751411666999537e-24
2.472751383006391188e+04 1.473349214963072683e-24
2.485115139921422815e+04 1.485252223361665028e-24
2.497540715621029813e+04 1.535745051627209686e-24
2.510028419199134441e+04 1.520225224499963855e-24
2.522578561295130203e+04 1.520114302238635054e-24
2.535191454101605268e+04 1.495629983574146650e-24
2.547867411372113565e+04 1.513556413692087432e-24
2.560606748428973879e+04 1.520519513116400648e-24
2.573409782171118422e+04 1.537879464355573487e-24
2.586276831081973432e+04 1.541562783332727419e-24
2.599208215237383411e+04 1.540650809360038138e-24
2.612204256313569931e+04 1.524743562210439026e-24
2.625265277595137377e+04 1.511806417804458410e-24
2.638391603983112509e+04 1.543038077163338841e-24
2.651583562003027328e+04 1.566337940600060050e-24
2.664841479813043043e+04 1.194197455980055119e-24
2.678165687212107878e+04 1.536166768887468771e-24
2.691556515648167988e+04 1.593765392516530370e-24
2.705014298226408573e+04 1.651300166461758518e-24
2.718539369717540467e+04 1.655684754933568834e-24
2.732132066566127833e+04 1.619579869285914536e-24
2.745792726898958426e+04 1.668054688040924750e-24
2.759521690533452784e+04 1.656945643348875519e-24
2.773319298986119611e+04 1.668985995799698159e-24
2.787185895481050102e+04 1.720131605962456461e-24
2.801121824958454818e+04 1.748687652955645018e-24
2.815127434083246771e+04 1.766740553923930542e-24
2.829203071253662347e+04 1.743260115038646194e-24
2.843349086609930600e+04 1.779355264784130179e-24
2.857565832042979673e+04 1.833036638773140405e-24
2.871853661203194497e+04 1.830447613840142431e-24
2.886212929509210517e+04 1.843468026653643545e-24
2.900643994156755798e+04 1.815278357727526097e-24
2.915147214127539337e+04 1.878052413451883945e-24
2.929722950198176841e+04 1.873170220258773623e-24
2.944371564949167805e+04 1.952271427151570063e-24
2.959093422773912971e+04 1.992779632581743413e-24
2.973888889887782716e+04 2.005848002875745322e-24
2.988758334337221095e+04 2.013852515827728077e-24
3.003702126008906635e+04 1.963119813799464428e-24
3.018720636638950964e+04 2.044455756275567427e-24
3.033814239822145464e+04 2.066656633250123122e-24
3.048983311021255213e+04 2.059738088235801264e-24
3.064228227576361314e+04 2.189870675288771400e-24
3.079549368714242883e+04 2.223199310127418911e-24
3.094947115557813959e+04 2.209862687790049417e-24
3.110421851135602628e+04 2.275916970767125417e-24
3.125973960391280343e+04 2.309338725007661778e-24
3.141603830193236354e+04 2.356133200416001900e-24
3.157311849344201983e+04 2.349442705922680973e-24
3.173098408590922918e+04 2.439690621751861710e-24
3.188963900633876983e+04 2.496448770653375350e-24
3.204908720137045748e+04 2.552494777037244804e-24
3.220933263737730522e+04 2.625513951847141016e-24
3.237037930056419282e+04 2.660400953975080311e-24
3.253223119706700891e+04 2.730846099394380722e-24
3.269489235305233888e+04 2.775474960599882670e-24
3.285836681481759297e+04 2.784922427816346406e-24
3.302265864889168006e+04 2.922646154984173470e-24
3.318777194213613257e+04 3.019029976829453666e-24
3.335371080184681341e+04 3.047060064777516082e-24
3.352047935585604137e+04 3.027391913590939922e-24
3.368808175263532030e+04 3.199722343107526021e-24
3.385652216139849043e+04 3.299930695251240689e-24
3.402580477220547618e+04 3.434415026208815072e-24
3.419593379606649978e+04 3.554390935032837328e-24
3.436691346504682588e+04 3.644603493735973402e-24
3.453874803237205197e+04 3.266812839679621109e-24
3.471144177253391535e+04 3.910886283142119670e-24
3.488499898139658035e+04 4.050971940179967703e-24
3.505942397630355845e+04 4.097437080034300371e-24
3.523472109618507238e+04 4.412827328708526378e-24
3.541089470166599494e+04 4.464254119646317995e-24
3.558794917517431895e+04 4.711995510276943340e-24
3.576588892105018749e+04 4.818317168992826651e-24
3.594471836565543344e+04 5.120229215421076136e-24
3.612444195748370839e+04 5.275297974011751139e-24
3.630506416727112810e+04 5.569402762172219873e-24
3.648658948810747825e+04 5.564238118497916365e-24
3.666902243554800953e+04 6.085784083814995888e-24
3.685236754772574204e+04 6.365352808421967318e-24
3.703662938546437363e+04 6.622861737437509141e-24
3.722181253239169018e+04 6.918456373784077949e-24
3.740792159505364543e+04 6.844368258064271873e-24
3.759496120302890631e+04 7.561921879952187364e-24
3.778293600904404593e+04 7.993500648700611171e-24
3.797185068908926769e+04 8.490897640261062702e-24
3.816170994253471144e+04 8.893001396616855421e-24
3.835251849224737816e+04 9.445372765976988411e-24
3.854428108470860752e+04 1.012491580525612249e-23
3.873700249013215216e+04 1.087928070771587806e-23
3.893068750258280488e+04 1.169812823485666682e-23
3.912534094009571709e+04 1.252125163667751963e-23
3.932096764479619014e+04 1.301403586324394285e-23
3.951757248302016524e+04 1.394702353020551050e-23
3.971516034543526621e+04 1.519304333251992264e-23
3.991373614716243173e+04 2.165183807381915145e-23
4.011330482789823873e+04 2.630174262571893473e-23
4.031387135203772777e+04 3.659681276909180619e-23
4.051544070879791252e+04 3.201373096021698580e-23
4.071801791234190023e+04 3.242484471414958168e-23
4.092160800190360169e+04 7.072218155574114818e-23
4.112621604191311053e+04 7.914886106934513763e-23
4.133184712212267186e+04 9.078180637284902012e-23
4.153850635773328395e+04 3.123029150335717758e-23
4.174619888952194015e+04 1.241260796208924413e-22
4.195492988396954024e+04 2.544577624866713052e-22
4.216470453338938387e+04 2.500096431320004381e-22
4.237552805605632602e+04 1.028306164222775567e-22
4.258740569633660198e+04 5.497145365503199169e-23
4.280034272481828521e+04 1.679995038243640844e-22
4.301434443844236375e+04 5.594612048044679273e-22
4.322941616063457332e+04 7.112351877072897015e-22
4.344556324143773963e+04 6.732309610833881681e-22
4.366279105764492851e+04 7.437541771596392241e-22
4.388110501293314883e+04 8.201747713738449388e-22
4.410051053799780493e+04 6.555338660201811829e-22
4.432101309068778937e+04 5.493716011725097319e-22
4.454261815614122315e+04 2.012669683793355645e-22
4.476533124692192359e+04 7.646490905713497991e-23
4.498915790315652703e+04 1.004852139252049208e-22
4.521410369267230271e+04 2.339359939934755983e-22
4.544017421113566525e+04 5.276504256124787724e-22
4.566737508219134179e+04 1.113542896778248343e-21
4.589571195760228875e+04 1.285432136970492156e-21
4.612519051739029237e+04 1.286764144491266638e-21
4.635581646997724602e+04 1.623279395432018219e-21
4.658759555232711864e+04 1.304844866793263561e-21
4.682053353008876002e+04 1.573082489924402009e-21
4.705463619773920072e+04 1.714007494104291575e-21
4.728990937872789073e+04 2.066438435468685093e-21
4.752635892562152731e+04 1.400904374603884204e-21
4.776399072024963243e+04 1.593388775148465677e-21
4.800281067385087226e+04 1.359299975515145822e-21
4.824282472722012608e+04 4.448653375879474576e-21
4.848403885085622460e+04 1.732988757896346154e-21
4.872645904511049594e+04 2.245178830691455982e-21
4.897009134033603914e+04 5.163099790573932368e-21
4.921494179703771078e+04 3.785389609191288971e-21
4.946101650602289737e+04 3.832131958055119655e-21
4.970832158855300077e+04 5.401534158660576586e-21
4.995686319649576035e+04 3.540239191942111529e-21
5.020664751247823006e+04 3.743132925440295555e-21
5.045768075004061393e+04 4.043714294687310182e-21
5.070996915379081474e+04 3.140924537043918470e-21
5.096351899955975387e+04 4.368396357586967885e-21
5.121833659455754969e+04 3.210081762433697367e-21
5.147442827753032907e+04 2.908445831938570253e-21
5.173180041891798464e+04 3.100266445818512614e-21
5.199045942101256514e+04 1.732354911731042899e-21
5.225041171811762615e+04 1.504193593936250998e-22
5.251166377670821385e+04 6.831015193145090581e-22
5.277422209559175099e+04 1.096055685849104272e-22
5.303809320606969413e+04 9.044917016024610635e-23
5.330328367210004217e+04 1.690580977870700922e-22
5.356980009046054329e+04 4.854787938506533176e-22
5.383764909091283334e+04 1.202085547795121275e-21
5.410683733636739635e+04 3.847282972655802760e-21
5.437737152304923075e+04 6.017234800236431143e-21
5.464925838066447614e+04 7.190436236915425833e-21
5.492250467256779666e+04 1.085377132331723017e-20
5.519711719593062298e+04 5.534521253088101278e-21
5.547310278191026737e+04 1.304328984534984517e-20
5.575046829581981729e+04 1.138391597158284321e-20
5.602922063729891670e+04 1.324983190855099363e-20
5.630936674048540590e+04 1.586016329110209125e-20
5.659091357418782718e+04 1.809956959754326610e-20
5.687386814205876726e+04 1.772575232752783817e-20
5.715823748276904371e+04 9.155223919945833992e-21
5.744402867018288816e+04 1.743932507009006603e-20
5.773124881353380624e+04 1.990724798004005406e-20
5.801990505760146334e+04 2.231751190345258314e-20
5.831000458288945811e+04 1.989413978150099217e-20
5.860155460580389627e+04 2.402591027532362322e-20
5.889456237883291033e+04 2.119390894625502712e-20
5.918903519072707422e+04 1.989016972758152755e-20
5.948498036668069108e+04 2.163124677353301986e-20
5.978240526851409231e+04 1.888298324076973622e-20
6.008131729485664982e+04 2.116724436423619103e-20
6.038172388133093773e+04 2.108617819128892786e-20
6.068363250073758536e+04 2.266725323059107640e-20
6.098705066324127256e+04 2.121288175438246048e-20
6.129198591655746714e+04 2.066369324656596868e-20
6.159844584614024643e+04 2.210534290723509888e-20
6.190643807537094108e+04 1.914369230593948485e-20
6.221597026574778283e+04 2.282273669007273332e-20
6.252705011707652011e+04 2.272674003996537630e-20
6.283968536766189209e+04 2.373299168994404915e-20
6.315388379450020875e+04 2.313620777720647937e-20
6.346965321347270219e+04 2.581112395255530795e-20
6.378700147954005661e+04 2.627535147608081152e-20
6.410593648693775322e+04 2.481362339289341038e-20
6.442646616937242652e+04 2.234365878939682094e-20
6.474859850021929014e+04 2.503956462589974888e-20
6.507234149272037030e+04 2.556687762669398784e-20
6.539770320018396887e+04 2.353645298582539744e-20
6.572469171618488326e+04 2.561076871954064217e-20
6.605331517476579756e+04 2.294874330954398467e-20
6.638358175063961244e+04 2.831982851891915283e-20
6.671549965939280810e+04 2.362244872370863739e-20
6.704907715768976777e+04 1.106476133547242450e-20
6.738432254347820708e+04 2.540099219370857596e-20
6.772124415619559295e+04 2.240013349253173656e-20
6.805985037697656662e+04 1.739278801923633019e-20
6.840014962886142894e+04 1.662235256014116948e-20
6.874215037700574612e+04 2.550419672051215199e-20
6.908586112889077049e+04 2.884038400380564119e-20
6.943129043453521444e+04 2.578366129266761568e-20
6.977844688670786854e+04 2.562188578466339565e-20
7.012733912114141276e+04 2.821904373322589302e-20
7.047797581674710091e+04 2.584342133417540035e-20
7.083036569583082746e+04 2.554084183250118189e-20
7.118451752430998022e+04 2.595079991097392230e-20
7.154044011193151528e+04 2.518535323823183282e-20
7.189814231249116710e+04 2.638422677850893263e-20
7.225763302405361901e+04 2.796849083801863171e-20
7.261892118917388143e+04 2.800004259617230385e-20
7.298201579511974705e+04 2.735720412252947791e-20
7.334692587409533735e+04 2.964288326097359273e-20
7.371366050346579868e+04 3.219897722021831453e-20
7.408222880598311895e+04 2.401971571338802255e-20
7.445263995001302101e+04 2.294187575339273348e-20
7.482490314976309310e+04 3.021786791806681127e-20
7.519902766551189416e+04 2.907115939234899544e-20
7.557502280383944162e+04 3.373702547756986204e-20
7.595289791785863054e+04 3.323589088953068408e-20
7.633266240744791867e+04 3.200892806133585254e-20
7.671432571948514669e+04 3.522130335585707547e-20
7.709789734808256617e+04 3.338984388535751652e-20
7.748338683482297347e+04 3.229586766273309256e-20
7.787080376899708062e+04 3.598127140091125221e-20
7.826015778784206486e+04 3.448224694319033586e-20
7.865145857678126777e+04 3.310033955746702588e-20
7.904471586966516043e+04 2.745463011939984986e-20
7.943993944901348732e+04 3.189957580890268009e-20
7.983713914625854522e+04 3.181222605915742454e-20
8.023632484198981547e+04 3.473371255495000742e-20
8.063750646619976033e+04 2.720246659939074198e-20
8.104069399853073992e+04 2.561181677656057378e-20
8.144589746852338430e+04 3.051516423681269459e-20
8.185312695586599875e+04 3.226256200698770490e-20
8.226239259064532234e+04 2.886031625299587801e-20
8.267370455359853804e+04 3.078070686840077770e-20
8.308707307636651967e+04 3.076629411321823943e-20
8.350250844174834492e+04 3.114731114503103516e-20
8.392002098395707435e+04 2.974399607592941898e-20
8.433962108887685463e+04 2.892327412003951891e-20
8.476131919432122959e+04 2.544802037782471838e-20
8.518512579029281915e+04 3.164870174178543663e-20
8.561105141924426425e+04 3.315853528001327668e-20
8.603910667634048150e+04 3.367082397084505267e-20
8.646930220972219831e+04 3.355154658438287446e-20
8.690164872077076870e+04 3.017585493306358815e-20
8.733615696437461884e+04 3.205724038150830790e-20
8.777283774919649295e+04 3.086964290762507999e-20
8.821170193794247461e+04 2.623758856512304217e-20
8.865276044763217214e+04 2.992729933938933307e-20
8.909602424987031554e+04 2.633601441062827770e-20
8.954150437111966312e+04 3.149523605148028597e-20
8.998921189297523233e+04 2.857680480003506721e-20
9.043915795244011679e+04 2.571942146271217366e-20
9.089135374220230733e+04 2.993620469929331405e-20
9.134581051091330301e+04 3.074536431556791243e-20
9.180253956346785708e+04 2.954527847182149813e-20
9.226155226128519280e+04 2.676445670358724660e-20
9.272286002259161614e+04 3.229292286537179971e-20
9.318647432270454010e+04 2.611608287828013133e-20
9.365240669431806600e+04 3.003921906642658406e-20
9.412066872778965626e+04 2.962620470286928743e-20
9.459127207142856787e+04 2.805123371481360758e-20
9.506422843178571202e+04 2.496451085993322851e-20
9.553954957394464873e+04 2.631143512380620672e-20
9.601724732181435684e+04 3.181226398662773352e-20
9.649733355842341552e+04 2.481665164055089000e-20
9.697982022621552460e+04 2.521510601365738092e-20
9.746471932734659640e+04 2.590199367099663442e-20
9.795204292398331745e+04 3.008820317475903578e-20
9.844180313860320894e+04 2.322216502828507014e-20
9.893401215429621516e+04 2.864901406822513252e-20
9.942868221506767441e+04 2.981119319503726919e-20
9.992582562614299241e+04 2.924682140930332847e-20
1.004254547542736836e+05 2.730251066588154578e-20
1.009275820280450280e+05 2.488044471465416587e-20
1.014322199381852406e+05 2.656211119455615235e-20
1.019393810378761555e+05 2.427556911649079771e-20
1.024490779430655239e+05 2.362629465297924478e-20
1.029613233327808703e+05 2.409209393101283656e-20
1.034761299494447449e+05 2.212553073111053137e-20
1.039935105991919554e+05 2.957987972974901035e-20
1.045134781521879049e+05 2.066531880188147200e-20
1.050360455429488356e+05 2.581183992613393396e-20
1.055612257706635719e+05 1.903414265152423554e-20
1.060890318995168782e+05 2.693906733643405580e-20
1.066194770590144617e+05 2.356087426685642128e-20
1.071525744443095464e+05 2.230065229130801149e-20
1.076883373165310768e+05 2.263589632579941989e-20
1.082267790031136974e+05 2.681964044252109098e-20
1.087679128981292743e+05 2.561370346624913929e-20
1.093117524626199011e+05 2.643937670240981161e-20
1.098583112249330006e+05 2.083326692793611686e-20
1.104076027810576488e+05 2.474989979989278423e-20
1.109596407949629211e+05 2.036611956897205545e-20
1.115144389989377087e+05 1.567477961586179854e-20
1.120720111939323979e+05 2.043182684519074006e-20
1.126323712499020476e+05 2.867444426219195718e-20
1.131955331061515462e+05 2.809099672213970395e-20
1.137615107716822822e+05 2.794993717511535458e-20
1.143303183255406620e+05 1.853991069942390268e-20
1.149019699171683751e+05 2.759729308982322976e-20
1.154764797667542007e+05 3.745591562180892624e-20
1.160538621655879542e+05 3.713982433942954862e-20
1.166341314764159033e+05 2.734858935781917090e-20
1.172173021337979444e+05 3.281376017995416865e-20
1.178033886444669333e+05 2.880143121721594156e-20
1.183924055876892671e+05 3.153127646979018118e-20
1.189843676156277070e+05 3.042291008506722203e-20
1.195792894537058310e+05 3.197090668368384453e-20
1.201771859009743202e+05 2.475158257513453135e-20
1.207780718304791808e+05 3.131523374454559842e-20
1.213819621896315803e+05 3.228814209794977780e-20
1.219888720005797368e+05 3.023278419539815350e-20
1.225988163605826267e+05 9.767219276872269422e-21
1.232118104423855257e+05 3.301021086773216924e-20
1.238278694945974275e+05 3.103230209173588577e-20
1.244470088420704269e+05 3.327067165729106519e-20
1.250692438862807612e+05 3.685122568108358268e-20
1.256945901057121519e+05 3.198782545370413453e-20
1.263230630562407023e+05 3.378270918770465960e-20
1.269546783715218917e+05 3.709623598680983209e-20
1.275894517633795040e+05 3.799703278395403781e-20
1.282273990221963904e+05 3.895462967179788660e-20
1.288685360173073568e+05 3.944917542892950884e-20
1.295128786973938841e+05 3.902933083128670843e-20
1.301604430908808426e+05 3.631955473387509341e-20
1.308112453063352441e+05 4.148438495570785791e-20
1.314653015328668989e+05 4.278143133333221701e-20
1.321226280405312136e+05 3.093009588658396921e-20
1.327832411807338649e+05 4.342519942898198716e-20
1.334471573866375256e+05 3.953646940647550054e-20
1.341143931735706865e+05 3.535392041356388277e-20
1.347849651394385146e+05 4.047573584388135044e-20
1.354588899651357206e+05 3.469657033959824116e-20
1.361361844149613753e+05 4.372501704607717661e-20
1.368168653370361717e+05 4.182395517060364179e-20
1.375009496637213160e+05 3.635254602007107863e-20
1.381884544120399514e+05 3.442015381005212949e-20
1.388793966841001238e+05 4.203377121037410123e-20
1.395737936675206001e+05 3.710294386719227534e-20
1.402716626358581998e+05 4.420487843696171420e-20
1.409730209490374837e+05 4.056624526983612784e-20
1.416778860537826549e+05 3.511300557146866033e-20
1.423862754840515263e+05 4.366783906269190786e-20
1.430982068614717864e+05 3.960601252124250972e-20
1.438136978957791289e+05 4.088483119062054891e-20
1.445327663852580008e+05 4.563023159085551079e-20
1.452554302171842719e+05 4.436393130557300829e-20
1.459817073682702030e+05 4.169970502481850575e-20
1.467116159051115392e+05 4.306874945715942352e-20
1.474451739846370765e+05 3.947883167487591049e-20
1.481823998545602371e+05 3.867686028717340583e-20
1.489233118538330309e+05 4.170819424676527092e-20
1.496679284131021705e+05 4.435750462682794349e-20
1.504162680551676603e+05 4.402328171162482581e-20
1.511683493954434525e+05 4.688122101255666789e-20
1.519241911424206919e+05 4.324589360513369241e-20
1.526838120981327374e+05 3.926295307706917572e-20
1.534472311586234136e+05 4.458479297740566192e-20
1.542144673144164844e+05 4.041126704466278643e-20
1.549855396509885322e+05 4.406123180321598311e-20
1.557604673492434667e+05 4.429241009697168187e-20
1.565392696859896532e+05 4.209014392721900650e-20
1.573219660344195727e+05 4.539737972110763140e-20
1.581085758645916649e+05 4.304365103896711344e-20
1.588991187439146161e+05 4.047943655316883371e-20
1.596936143376341788e+05 4.338884779923507152e-20
1.604920824093223200e+05 4.427398803598284735e-20
1.612945428213689302e+05 4.238474429971706805e-20
1.621010155354757444e+05 4.273534795838074946e-20
1.629115206131530867e+05 5.166503172065480349e-20
1.637260782162188552e+05 6.013932240946521086e-20
1.645447086072999518e+05 6.627111751387378502e-20
1.653674321503364190e+05 8.201372285519077646e-20
1.661942693110881082e+05 4.162703766974568828e-20
1.670252406576435314e+05 8.824951977878820341e-20
1.678603668609317101e+05 4.233275869220888758e-20
1.686996686952363525e+05 9.218245535292059779e-20
1.695431670387125341e+05 8.806427184698985759e-20
1.703908828739060555e+05 6.866388448812122646e-20
1.712428372882755357e+05 9.959301962058712890e-20
1.720990514747169218e+05 5.902837250199112566e-20
1.729595467320905009e+05 9.411760976402555092e-20
1.738243444657509099e+05 5.474948903098458216e-20
1.746934661880796484e+05 1.049659309871991303e-19
1.755669335190200363e+05 1.090370978167632432e-19
1.764447681866151106e+05 1.059097821030818742e-19
1.773269920275482000e+05 1.065355390681197836e-19
1.782136269876858860e+05 1.052979394876164581e-19
1.791046951226242818e+05 7.832106181976487442e-20
1.800002185982374067e+05 9.546797354910557102e-20
1.809002196912285872e+05 1.062867976592224793e-19
1.818047207896846812e+05 1.038468305243873820e-19
1.827137443936330965e+05 1.014811299608468886e-19
1.836273131156012532e+05 1.007013701628606160e-19
1.845454496811792487e+05 1.099008716625130464e-19
1.854681769295851118e+05 1.057386555385968642e-19
1.863955178142329969e+05 1.012025404662383684e-19
1.873274954033041140e+05 1.033889194816439508e-19
1.882641328803206561e+05 9.380617460356693479e-20
1.892054535447222588e+05 8.100099227345769786e-20
1.901514808124458359e+05 7.826385931118190040e-20
1.911022382165080926e+05 1.001359072888007245e-19
1.920577494075905997e+05 1.004218118386730953e-19
1.930180381546285644e+05 1.080884352745106843e-19
1.939831283454016666e+05 9.911175129609506999e-20
1.949530439871286508e+05 1.011134354445729437e-19
1.959278092070643033e+05 1.031321307813389903e-19
1.969074482530995738e+05 1.037761816350917615e-19
1.978919854943650425e+05 1.033146217568322291e-19
1.988814454218368337e+05 1.040482789164232057e-19
1.998758526489459909e+05 1.066979965336511897e-19
2.008752319121906767e+05 1.015335110221677926e-19
2.018796080717516015e+05 1.054531694408192881e-19
2.028890061121103354e+05 1.020021623959019699e-19
2.039034511426708777e+05 1.043605608706633682e-19
2.049229683983842260e+05 1.031114493911195323e-19
2.059475832403761160e+05 9.844532998884607593e-20
2.069773211565779638e+05 9.961157814936329203e-20
2.080122077623608639e+05 1.000399559048404263e-19
2.090522688011726132e+05 1.019963629624495681e-19
2.100975301451784617e+05 1.021879988491913832e-19
2.111480177959043358e+05 9.859744308596184050e-20
2.122037578848838457e+05 8.345254519971430833e-20
2.132647766743082320e+05 8.553310866654215581e-20
2.143311005576797761e+05 9.645337110712570120e-20
2.154027560604681203e+05 9.230145338519363651e-20
2.164797698407704593e+05 1.004070596529450865e-19
2.175621686899743218e+05 1.000743218692436735e-19
2.186499795334241353e+05 9.560717351752501718e-20
2.197432294310912257e+05 9.454127763093136068e-20
2.208419455782466684e+05 9.231595963354755702e-20
2.219461553061378654e+05 9.395856787230073700e-20
2.230558860826685559e+05 8.893780508034207713e-20
2.241711655130818835e+05 8.956774561682498326e-20
2.252920213406472467e+05 9.063696250738560878e-20
2.264184814473504957e+05 9.207536208301477039e-20
2.275505738545872155e+05 9.125735593605524446e-20
2.286883267238601111e+05 8.664899432590759795e-20
2.298317683574793627e+05 8.953547157670688328e-20
2.309809271992667345e+05 9.004122548909104860e-20
2.321358318352630595e+05 9.231904271532811796e-20
2.332965109944393334e+05 9.123974558603506049e-20
2.344629935494115052e+05 9.399299736496856766e-20
2.356353085171585553e+05 9.161427903575325631e-20
2.368134850597443001e+05 8.933978766530472192e-20
2.379975524850430083e+05 9.277299899593152980e-20
2.391875402474681614e+05 9.018314534068302538e-20
2.403834779487055202e+05 8.904481624380043721e-20
2.415853953384489869e+05 8.973511169729841755e-20
2.427933223151412094e+05 9.040002540036720273e-20
2.440072889267168648e+05 8.843909497750500701e-20
2.452273253713504528e+05 8.989219955560609880e-20
2.464534619982071745e+05 8.729886729415289314e-20
2.476857293081981770e+05 8.386848166844812917e-20
2.489241579547391157e+05 8.707344980794868313e-20
2.501687787445128197e+05 8.747743887875798892e-20
2.514196226382353343e+05 8.509944076783255695e-20
2.526767207514264737e+05 8.668171417294475103e-20
2.539401043551835755e+05 8.491966628396127785e-20
2.552098048769594752e+05 8.587419542114026942e-20
2.564858539013442351e+05 8.503736879550792446e-20
2.577682831708509184e+05 8.008838786508700423e-20
2.590571245867051184e+05 8.372747040122564638e-20
2.603524102096386196e+05 8.275766349213996830e-20
2.616541722606867843e+05 8.365878492802634946e-20
2.629624431219901890e+05 8.245958184771630644e-20
2.642772553376001306e+05 8.287175765765815818e-20
2.655986416142880917e+05 8.431369152976050976e-20
2.669266348223595414e+05 7.730740480540023450e-20
2.682612679964712588e+05 8.217339829441829003e-20
2.696025743364536320e+05 7.658427828491597813e-20
2.709505872081358684e+05 8.078037998025537939e-20
2.723053401441765018e+05 7.938014446259118446e-20
2.736668668448973331e+05 7.526433342130944664e-20
2.750352011791217956e+05 8.039891604951753866e-20
2.764103771850173944e+05 7.557060481428272714e-20
2.777924290709424531e+05 7.814454046699388528e-20
2.791813912162971101e+05 7.751699265990398437e-20
2.805772981723785633e+05 7.667458254217389930e-20
2.819801846632403904e+05 7.839233643284146661e-20
2.833900855865565827e+05 7.680298523627022300e-20
2.848070360144893057e+05 7.558926496521957628e-20
2.862310711945617222e+05 7.135826045461538801e-20
2.876622265505345422e+05 6.983707167573896149e-20
2.891005376832871698e+05 7.150535576651214848e-20
2.905460403717036243e+05 7.266269897043911583e-20
2.919987705735621275e+05 7.306585100353284523e-20
2.934587644264298724e+05 7.290797610626475279e-20
2.949260582485619816e+05 7.176690492211189487e-20
2.964006885398047743e+05 7.295058025330357838e-20
2.978826919825038058e+05 7.131367060839134974e-20
2.993721054424162721e+05 7.085648004684429184e-20
3.008689659696283052e+05 7.148627652310093790e-20
3.023733107994763996e+05 6.996745001840604019e-20
3.038851773534737877e+05 7.002961068583721410e-20
3.054046032402411220e+05 7.016364680043481023e-20
3.069316262564423378e+05 6.669599945295996822e-20
3.084662843877244741e+05 6.818678452692748057e-20
3.100086158096630825e+05 6.680014248937296859e-20
3.115586588887113612e+05 6.688341072166370472e-20
3.131164521831548773e+05 6.814587686725180925e-20
3.146820344440706540e+05 6.696615461897263027e-20
3.162554446162909735e+05 6.857885729623916803e-20
3.178367218393723597e+05 6.882917005346124380e-20
3.194259054485691595e+05 6.754316769117112040e-20
3.210230349758120137e+05 6.816452028151037705e-20
3.226281501506909844e+05 6.915723298230785615e-20
3.242412909014443867e+05 6.716901756642340048e-20
3.258624973559515784e+05 6.860137621581929660e-20
3.274918098427313380e+05 6.875292287076337986e-20
3.291292688919449574e+05 6.808755078389588134e-20
3.307749152364046313e+05 6.761332436578642815e-20
3.324287898125866195e+05 6.744865850677796877e-20
3.340909337616495322e+05 6.628885969010588423e-20
3.357613884304577368e+05 6.596171031005922695e-20
3.374401953726100037e+05 6.408750958031910581e-20
3.391273963494729833e+05 6.478520678297730170e-20
3.408230333312203875e+05 6.455315488934053340e-20
3.425271484978764202e+05 6.322877382611561668e-20
3.442397842403657851e+05 6.391970949141513787e-20
3.459609831615675939e+05 6.180978060152416975e-20
3.476907880773753277e+05 6.130777566158704455e-20
3.494292420177621534e+05 6.228091178437648521e-20
3.511763882278508972e+05 6.131726179627653413e-20
3.529322701689901296e+05 6.083204348135579818e-20
3.546969315198350232e+05 6.138505239155211896e-20
3.564704161774342647e+05 5.986831172390944704e-20
3.582527682583213900e+05 6.037006220915637270e-20
3.600440320996128721e+05 5.535599554405279618e-20
3.618442522601108649e+05 5.909196709657545323e-20
3.636534735214114189e+05 6.002551376588086190e-20
3.654717408890184015e+05 6.011456472475226491e-20
3.672990995934634702e+05 5.923699570345200697e-20
3.691355950914307032e+05 5.774945968690490335e-20
3.709812730668878066e+05 5.969945017111558650e-20
3.728361794322222122e+05 5.971125555586719321e-20
3.747003603293832857e+05 5.970674686287747247e-20
3.765738621310301824e+05 5.702522994124483502e-20
3.784567314416853478e+05 5.616987253657859912e-20
3.803490150988936657e+05 5.746636229419056441e-20
3.822507601743880659e+05 5.614054833209234696e-20
3.841620139752599644e+05 5.782548786416731519e-20
3.860828240451362217e+05 5.734009113656183890e-20
3.880132381653618068e+05 5.210798734445667286e-20
3.899533043561886298e+05 5.684413101232288994e-20
3.919030708779694978e+05 5.660116944037406591e-20
3.938625862323592883e+05 5.220686589790634246e-20
3.958318991635210696e+05 5.648395177672783343e-20
3.978110586593386834e+05 5.561157690392408457e-20
3.998001139526353218e+05 5.661081218985196812e-20
4.017991145223984495e+05 5.595893855950982803e-20
4.038081100950103719e+05 4.967813997868045158e-20
4.058271506454853807e+05 5.386514192492930388e-20
4.078562863987127785e+05 5.409879420858118003e-20
4.098955678307062481e+05 5.352229799260973491e-20
4.119450456698598573e+05 5.302247554250094268e-20
4.140047708982090699e+05 5.314762593011951182e-20
4.160747947527001379e+05 5.238121522492208474e-20
4.181551687264635693e+05 4.963689722960794810e-20
4.202459445700958022e+05 5.229756898461231099e-20
4.223471742929462343e+05 5.159419261754411911e-20
4.244589101644110051e+05 5.166252309107217200e-20
4.265812047152329469e+05 5.054349740528973332e-20
4.287141107388091041e+05 5.083822726179964670e-20
4.308576812925031409e+05 5.089937053369170738e-20
4.330119696989655495e+05 5.034749729226599551e-20
4.351770295474603190e+05 5.038541620483147216e-20
4.373529146951975417e+05 4.958296475952648585e-20
4.395396792686735280e+05 4.816340637081642705e-20
4.417373776650169166e+05 4.830855611966507183e-20
4.439460645533419447e+05 4.876902596153274775e-20
4.461657948761085281e+05 4.845925111814613309e-20
4.483966238504891517e+05 4.881741856968921369e-20
4.506386069697414641e+05 4.888342306629937727e-20
4.528918000045901863e+05 4.838717646755619614e-20
4.551562590046130936e+05 4.773495788235430436e-20
4.574320402996361372e+05 4.739301923990502994e-20
4.597192005011342699e+05 4.677139534285826518e-20
4.620177965036398964e+05 4.606310143968985285e-20
4.643278854861580767e+05 4.574910175810442200e-20
4.666495249135888298e+05 4.491163844241998989e-20
4.689827725381566561e+05 4.515691998452905345e-20
4.713276864008473931e+05 4.511220430932635810e-20
4.736843248328516493e+05 4.423357629306550066e-20
4.760527464570158045e+05 4.305103960940361903e-20
4.784330101893008687e+05 4.167537269334806815e-20
4.808251752402472775e+05 4.149320979644116585e-20
4.832293011164484778e+05 4.159035942977913787e-20
4.856454476220306242e+05 4.145819368153598790e-20
4.880736748601407744e+05 4.151300591070991905e-20
4.905140432344414294e+05 4.146530899692295812e-20
4.929666134506135713e+05 4.092400171061468915e-20
4.954314465178666287e+05 4.052757011763625617e-20
4.979086037504559499e+05 4.008836569106838699e-20
5.003981467692081933e+05 3.967076905585209833e-20
5.029001375030542258e+05 4.040114309508133817e-20
5.054146381905693561e+05 4.012104793890859381e-20
5.079417113815221237e+05 3.975789605065430202e-20
5.104814199384296662e+05 3.910127417969890504e-20
5.130338270381217590e+05 3.862773423223434763e-20
5.155989961733123055e+05 3.815047140574155108e-20
5.181769911541789188e+05 3.754265158289138265e-20
5.207678761099497206e+05 3.750768819379122103e-20
5.233717154904993949e+05 3.626198713972436212e-20
5.259885740679518785e+05 3.715374981282132869e-20
5.286185169382916065e+05 3.591744669813198297e-20
5.312616095229829662e+05 3.652920468699907529e-20
5.339179175705977250e+05 3.675228149105419262e-20
5.365875071584507823e+05 3.625410363510246908e-20
5.392704446942429058e+05 3.560180258818768863e-20
5.419667969177140621e+05 3.570669963056817254e-20
5.446766309023025678e+05 3.474185374206064592e-20
5.474000140568139032e+05 3.461531345246497538e-20
5.501370141270980239e+05 3.425327526611138862e-20
5.528876991977334255e+05 3.439911904457837833e-20
5.556521376937220339e+05 3.421660425701461110e-20
5.584303983821906149e+05 3.371855577255114489e-20
5.612225503741014982e+05 3.228863187547504243e-20
5.640286631259719143e+05 3.337837066256302784e-20
5.668488064416018315e+05 3.336040448841265414e-20
5.696830504738097079e+05 3.347928015964440592e-20
5.725314657261786051e+05 3.296558738119441669e-20
5.753941230548094027e+05 3.257875967781672730e-20
5.782710936700834427e+05 3.244643313162836569e-20
5.811624491384339053e+05 3.178081425707280145e-20
5.840682613841259154e+05 3.150189046683078485e-20
5.869886026910465444e+05 3.192225203429258024e-20
5.899235457045016810e+05 3.179113389371092383e-20
5.928731634330241941e+05 3.118617367426244530e-20
5.958375292501891963e+05 3.049601794680515998e-20
5.988167168964400189e+05 3.082710336338985492e-20
6.018108004809222184e+05 3.059442002777191440e-20
6.048198544833267806e+05 3.065063227819686134e-20
6.078439537557433359e+05 3.010084212227473830e-20
6.108831735245219897e+05 2.910693345415992831e-20
6.139375893921444658e+05 2.905721996429249658e-20
6.170072773391052615e+05 2.796069637069756539e-20
6.200923137258006027e+05 2.795355859464693275e-20
6.231927752944296226e+05 2.823849184305357602e-20
6.263087391709017102e+05 2.801067389595989471e-20
6.294402828667560825e+05 2.844394215818395121e-20
6.325874842810897389e+05 2.754158661817882304e-20
6.357504217024951940e+05 2.706310878944033100e-20
6.389291738110075239e+05 2.746255181604981406e-20
6.421238196800624719e+05 2.656178767370362467e-20
6.453344387784628198e+05 2.646505167942088134e-20
6.485611109723550035e+05 2.700229585444220002e-20
6.518039165272166720e+05 2.683996606257073348e-20
6.550629361098527443e+05 2.703341229026903063e-20
6.583382507904019440e+05 2.644576889330727963e-20
6.616299420443539275e+05 2.603980982270489717e-20
6.649380917545756092e+05 2.722695939567279382e-20
6.682627822133484297e+05 2.697799334935527054e-20
6.716040961244150531e+05 2.616162093284903202e-20
6.749621166050371248e+05 2.637561561951234757e-20
6.783369271880622255e+05 2.597199036516306934e-20
6.817286118240024662e+05 2.531548857685664015e-20
6.851372548831223976e+05 2.573381231606713357e-20
6.885629411575379781e+05 2.532119919677277398e-20
6.920057558633256704e+05 2.445767602535114969e-20
6.954657846426422475e+05 2.512246298963920635e-20
6.989431135658553103e+05 2.516989697698577011e-20
7.024378291336843977e+05 2.491472721342911766e-20
7.059500182793528074e+05 2.484703380035164605e-20
7.094797683707495453e+05 2.435898117332934523e-20
7.130271672126032645e+05 2.493167215005172893e-20
7.165923030486662174e+05 2.492493938871227839e-20
7.201752645639094990e+05 2.453506163234773631e-20
7.237761408867288847e+05 2.416211621231797444e-20
7.273950215911623091e+05 2.396544588916644140e-20
7.310319966991181718e+05 2.482095596354676662e-20
7.346871566826135386e+05 2.362907124094680155e-20
7.383605924660265446e+05 2.381995591229593574e-20
7.420523954283564817e+05 2.405935592564682753e-20
7.457626574054983212e+05 2.361990364204936770e-20
7.494914706925257342e+05 2.391899333486583276e-20
7.532389280459884321e+05 2.314342961336374408e-20
7.570051226862182375e+05 2.273006362940546122e-20
7.607901482996493578e+05 2.266379132834932388e-20
7.645940990411473904e+05 2.225790860699537271e-20
7.684170695363531122e+05 2.284533683636487095e-20
7.722591548840346513e+05 2.185229063186370990e-20
7.761204506584546762e+05 2.120734780616054666e-20
7.800010529117470142e+05 2.183216318523582749e-20
7.839010581763054943e+05 1.963339047443374993e-20
7.878205634671868756e+05 2.081018228145418620e-20
7.917596662845227402e+05 2.043340983213113585e-20
7.957184646159452386e+05 1.994315322867463266e-20
7.996970569390247110e+05 1.852462177721211050e-20
8.036955422237198800e+05 1.788451673727335161e-20
8.077140199348382885e+05 1.952030694608006148e-20
8.117525900345123373e+05 1.901437025708772480e-20
8.158113529846849851e+05 1.812981458579544043e-20
8.198904097496082541e+05 1.762404753268588309e-20
8.239898617983561708e+05 1.756521006059003731e-20
8.281098111073477194e+05 1.694139317971542992e-20
8.322503601628845790e+05 1.829624946518625150e-20
8.364116119636989897e+05 1.752296567108900690e-20
8.405936700235173339e+05 1.739340602920474266e-20
8.447966383736348944e+05 1.791300372362144167e-20
8.490206215655030683e+05 1.626395681450344577e-20
8.532657246733304346e+05 1.633504305999284150e-20
8.575320532966969768e+05 1.692792605125502653e-20
8.618197135631804122e+05 1.681126364557139223e-20
8.661288121309962589e+05 1.522549365751142215e-20
8.704594561916510575e+05 1.589485985608907387e-20
8.748117534726092126e+05 1.523576546306557578e-20
8.791858122399721760e+05 1.620181367085759827e-20
8.835817413011718309e+05 1.596009759883429333e-20
8.879996500076774973e+05 1.493493859623977724e-20
8.924396482577158604e+05 1.427992738829706813e-20
8.969018464990042849e+05 1.440826657604054364e-20
9.013863557314991485e+05 1.382889015676743448e-20
9.058932875101566315e+05 1.374165417002037000e-20
9.104227539477072423e+05 1.413195977363461447e-20
9.149748677174457116e+05 1.422487599081095568e-20
9.195497420560328756e+05 1.368442486827992041e-20
9.241474907663128106e+05 1.360121231449242277e-20
9.287682282201444032e+05 1.343237431335475310e-20
9.334120693612450268e+05 1.337450386579924509e-20
9.380791297080512159e+05 1.281434886471479122e-20
9.427695253565913299e+05 1.290176067537782129e-20
9.474833729833741672e+05 1.246233726228177256e-20
9.522207898482908495e+05 1.210956437731984776e-20
9.569818937975321896e+05 1.177357117198045404e-20
9.617668032665196806e+05 1.122993283304178638e-20
9.665756372828523163e+05 1.090303948187455625e-20
9.714085154692665674e+05 1.120320401509932338e-20
9.762655580466126557e+05 1.137605157096960823e-20
9.811468858368456131e+05 1.136967950426556889e-20
9.860526202660297276e+05 1.075864114134828901e-20
9.909828833673597546e+05 1.060098758474216801e-20
9.959377977841964457e+05 1.055090769686505217e-20
1.000917486773117445e+06 1.003482886828491115e-20
1.005922074206982972e+06 1.003560719075986405e-20
1.010951684578017797e+06 1.097550937477371478e-20
1.016006443000907777e+06 9.368872635273408575e-21
1.021086475215912214e+06 1.061490602726949019e-20
1.026191907591991592e+06 9.607602249802488168e-21
1.031322867129951366e+06 9.000386803879301034e-21
1.036479481465601013e+06 9.689441640944803797e-21
1.041661878872928908e+06 8.741444070578683378e-21
1.046870188267293386e+06 9.271206747831508516e-21
1.052104539208629867e+06 8.790948215220517687e-21
1.057365061904672999e+06 7.526649419442687408e-21
1.062651887214195915e+06 7.543157700172325809e-21
1.067965146650267066e+06 7.416540048665031309e-21
1.073304972383518238e+06 6.923352374903556577e-21
1.078671497245435836e+06 6.787873560133974081e-21
1.084064854731662665e+06 6.231971969138862654e-21
1.089485179005320882e+06 5.834956460816820260e-21
1.094932604900347302e+06 5.828346952244820848e-21
1.100407267924848944e+06 5.549610964761293841e-21
1.105909304264473263e+06 5.673882892867643264e-21
1.111438850785795366e+06 5.555188488772922946e-21
1.116996045039724326e+06 5.668267428221415788e-21
1.122581025264922762e+06 5.662376360182729161e-21
1.128193930391247384e+06 5.806682090278341646e-21
1.133834900043203495e+06 5.711274842014559528e-21
1.139504074543419294e+06 5.985804166345276453e-21
1.145201594916136237e+06 5.848819133464968156e-21
1.150927602890716866e+06 6.233986923909511635e-21
1.156682240905170096e+06 5.902585949815527769e-21
1.162465652109696064e+06 6.283396653204643219e-21
1.168277980370244244e+06 6.207995246362619674e-21
1.174119370272095315e+06 5.688236889923789618e-21
1.179989967123455601e+06 6.017748142770376247e-21
1.185889916959072929e+06 5.754420524419137735e-21
1.191819366543867858e+06 6.294712432278808796e-21
1.197778463376587257e+06 6.301984532056769020e-21
1.203767355693469988e+06 6.211355252186361506e-21
1.209786192471937276e+06 5.891332600796179085e-21
1.215835123434296809e+06 6.084213997035052560e-21
1.221914299051468261e+06 6.167062172519922748e-21
1.228023870546725346e+06 5.834960749633577112e-21
1.234163989899458829e+06 5.854774657076615693e-21
1.240334809848956065e+06 5.429761210462337005e-21
1.246536483898200793e+06 5.011527105770640068e-21
1.252769166317691794e+06 5.506463387227401484e-21
1.259033012149280170e+06 5.246333979532818360e-21
1.265328177210026421e+06 4.834144783041191536e-21
1.271654818096076371e+06 5.005560964929836394e-21
1.278013092186556431e+06 4.476497934229764486e-21
1.284403157647489104e+06 4.316529727905524064e-21
1.290825173435726436e+06 4.033808362085870595e-21
1.297279299302904867e+06 3.905908027411530549e-21
1.303765695799419424e+06 3.789221331889885475e-21
1.310284524278416298e+06 3.688912702146200183e-21
1.316835946899808478e+06 3.648215121437118877e-21
1.323420126634307439e+06 3.564452013221245793e-21
1.330037227267478593e+06 3.504437904777499110e-21
1.336687413403815823e+06 3.496621989335371242e-21
1.343370850470834877e+06 3.475963542131712357e-21
1.350087704723188886e+06 3.427146422716222866e-21
1.356838143246804597e+06 3.407375876459973738e-21
1.363622333963038633e+06 3.370001015708431352e-21
1.370440445632853545e+06 3.307921024377827132e-21
1.377292647861017846e+06 3.281722693148291138e-21
1.384179111100322567e+06 3.232707879224794143e-21
1.391100006655824371e+06 3.228740587282587487e-21
1.398055506689103320e+06 3.259123234421214129e-21
1.405045784222548362e+06 3.270795499765503882e-21
1.412071013143660966e+06 3.335357493950755575e-21
1.419131368209379259e+06 3.507456861310744088e-21
1.426227025050425902e+06 3.979506575985920400e-21
1.433358160175677622e+06 4.690162207970381512e-21
1.440524950976555934e+06 5.224852946185310361e-21
1.447727575731438585e+06 5.668762342632895313e-21
1.454966213610095670e+06 4.700780017509022708e-21
1.462241044678145787e+06 3.726776925617540606e-21
1.469552249901536619e+06 3.511297628668147902e-21
1.476900011151043931e+06 3.253517558628642504e-21
1.484284511206798721e+06 3.206107112442834637e-21
1.491705933762832778e+06 3.218406337087586905e-21
1.499164463431646582e+06 3.266920052043057967e-21
1.506660285748804687e+06 3.270465462541965757e-21
1.514193587177548325e+06 3.100682364321971112e-21
1.521764555113436189e+06 3.082501421899731134e-21
1.529373377889003372e+06 2.944812046264835689e-21
1.537020244778448250e+06 2.964387214068723720e-21
1.544705346002340317e+06 2.896526888174664926e-21
1.552428872732352000e+06 2.729394426577608299e-21
1.560191017096013529e+06 2.780597708941196143e-21
1.567991972181493184e+06 2.703738738953732349e-21
1.575831932042400353e+06 2.693202375436363125e-21
1.583711091702612117e+06 2.601948174106918789e-21
1.591629647161125205e+06 2.475276062438412628e-21
1.599587795396930538e+06 2.387642977790418210e-21
1.607585734373915009e+06 2.335022397855346747e-21
1.615623663045784459e+06 2.229440148270975169e-21
1.623701781361013185e+06 2.146586728010508840e-21
1.631820290267818142e+06 2.088131929943658840e-21
1.639979391719156876e+06 1.985057428640629041e-21
1.648179288677752716e+06 1.942650849411639508e-21
1.656420185121141374e+06 1.904950736564363008e-21
1.664702286046746653e+06 1.869551110107855995e-21
1.673025797476980370e+06 1.826524199738771424e-21
1.681390926464365330e+06 1.802279202996983182e-21
1.689797881096686702e+06 1.773236642634413077e-21
1.698246870502170408e+06 1.746563367386638731e-21
1.706738104854681063e+06 1.717444562564002801e-21
1.715271795378953917e+06 1.702073400175135923e-21
1.723848154355848674e+06 1.687596949694439077e-21
1.732467395127627766e+06 1.669209391673970915e-21
1.741129732103265822e+06 1.650736346339377309e-21
1.749835380763781955e+06 1.630404860256119076e-21
1.758584557667600689e+06 1.612218640316999191e-21
1.767377480455938494e+06 1.621722854785421134e-21
1.776214367858218029e+06 1.640571551032256772e-21
1.785095439697508700e+06 1.620920342268606368e-21
1.794020916895996314e+06 1.637426357429202777e-21
1.802991021480476018e+06 1.625026744385265309e-21
1.812005976587878074e+06 1.558606323694268233e-21
1.821066006470817374e+06 1.539802976108964815e-21
1.830171336503171129e+06 1.576856440108862664e-21
1.839322193185686832e+06 1.545909240110856076e-21
1.848518804151615128e+06 1.556803774469104908e-21
1.857761398172372952e+06 1.554010870619991118e-21
1.867050205163234845e+06 1.541620431313780488e-21
1.876385456189050805e+06 1.475757199567037218e-21
1.885767383469995577e+06 1.410781852676816689e-21
1.895196220387345180e+06 1.377289880215873020e-21
1.904672201489282073e+06 1.284240624422954731e-21
1.914195562496728031e+06 1.244985361055594701e-21
1.923766540309211472e+06 1.210942970215683459e-21
1.933385373010757612e+06 1.231388680550127692e-21
1.943052299875811208e+06 1.218014456033705580e-21
1.952767561375190271e+06 1.165777270777950261e-21
1.962531399182065856e+06 1.164915151354162238e-21
1.972344056177975610e+06 1.147823957462046048e-21
1.982205776458865497e+06 1.080057415216391294e-21
1.992116805341159692e+06 1.017442312011020449e-21
2.002077389367865166e+06 9.883345999244258580e-22
2.012087776314704213e+06 9.744477837746640426e-22
2.022148215196277248e+06 9.674166607184197225e-22
2.032258956272258423e+06 9.674624327943306521e-22
2.042420251053619431e+06 9.427788000748977644e-22
2.052632352308887290e+06 9.083656628210876441e-22
2.062895514070431702e+06 9.080593516038377610e-22
2.073209991640783846e+06 9.201501580240066607e-22
2.083576041598987766e+06 9.023187414105762175e-22
2.093993921806982253e+06 8.816911683136188438e-22
2.104463891416016966e+06 8.603447983123692498e-22
2.114986210873096716e+06 8.574596819258431924e-22
2.125561141927461606e+06 8.404406580621536167e-22
2.136188947637098841e+06 8.299788001376971944e-22
2.146869892375283875e+06 8.166936820475681756e-22
2.157604241837160196e+06 8.046627962792353007e-22
2.168392263046346139e+06 7.791037103223949787e-22
2.179234224361577537e+06 7.655537288680468069e-22
2.190130395483385306e+06 7.719821966769004479e-22
2.201081047460801899e+06 7.572350235187410122e-22
2.212086452698105946e+06 7.414130901815549500e-22
2.223146884961596224e+06 7.422962775075489359e-22
2.234262619386403821e+06 7.454868432108869846e-22
2.245433932483335491e+06 7.474533234760959102e-22
2.256661102145751473e+06 7.548400460315751297e-22
2.267944407656480558e+06 7.668347216576020919e-22
2.279284129694762640e+06 7.689472531479062368e-22
2.290680550343235955e+06 7.816269309370734516e-22
2.302133953094951808e+06 7.794079415425009238e-22
2.313644622860426549e+06 7.672707598811511653e-22
2.325212845974728465e+06 7.438829669235310167e-22
2.336838910204601940e+06 7.130721574166785211e-22
2.348523104755624663e+06 6.958590295258359364e-22
2.360265720279402565e+06 6.818751456530397555e-22
2.372067048880799208e+06 6.794706821694804896e-22
2.383927384125203360e+06 6.767401330968151011e-22
2.395847021045828704e+06 6.762223064657675624e-22
2.407826256151057780e+06 6.782439410930427439e-22
2.419865387431812473e+06 6.916898937866384414e-22
2.431964714368971530e+06 7.049871888719524112e-22
2.444124537940816022e+06 7.182820924552073246e-22
2.456345160630519968e+06 7.462621180102482293e-22
2.468626886433672160e+06 7.781984678246157803e-22
2.480970020865840372e+06 7.995537088045703196e-22
2.493374870970169548e+06 8.107719376538301180e-22
2.505841745325020049e+06 7.904441689812274832e-22
2.518370954051644541e+06 7.634267103704097860e-22
2.530962808821902610e+06 7.397623303883464362e-22
2.543617622866012156e+06 7.134838383185471393e-22
2.556335710980342235e+06 7.012072968120277308e-22
2.569117389535243157e+06 6.933594722357289387e-22
2.581962976482919417e+06 6.923842170832120022e-22
2.594872791365333367e+06 6.970006910925306265e-22
2.607847155322160106e+06 7.163492102427211024e-22
2.620886391098770313e+06 7.596044256976520827e-22
2.633990823054264300e+06 8.047375709160434189e-22
2.647160777169535402e+06 9.058584195857625221e-22
2.660396581055382732e+06 1.009879041542463835e-21
2.673698563960659783e+06 1.231338147408771392e-21
2.687067056780462619e+06 1.480672837287100162e-21
2.700502392064364627e+06 1.820449908833980713e-21
2.714004904024685733e+06 2.035738593842520195e-21
2.727574928544809110e+06 2.008930738578183403e-21
2.741212803187533282e+06 1.824816056882018883e-21
2.754918867203470320e+06 1.479734914413198601e-21
2.768693461539487354e+06 1.220700359351455287e-21
2.782536928847184870e+06 1.018479236872562243e-21
2.796449613491420168e+06 8.979549610721969468e-22
2.810431861558877397e+06 7.983893000623257003e-22
2.824484020866671577e+06 7.547027687018217800e-22
2.838606440971004311e+06 7.189428851707041558e-22
2.852799473175858613e+06 7.070295577612503771e-22
2.867063470541737974e+06 6.956541860490405277e-22
2.881398787894446403e+06 6.899093156105493605e-22
2.895805781833918300e+06 6.890539491125458639e-22
2.910284810743087437e+06 6.937577908438439096e-22
2.924836234796802513e+06 6.957414243257653196e-22
2.939460415970786009e+06 6.905417584319617139e-22
2.954157718050640076e+06 6.832994346976783526e-22
2.968928506640893407e+06 6.726838683206354334e-22
2.983773149174097460e+06 6.648431347678361006e-22
2.998692014919967391e+06 6.564144390520864049e-22
3.013685474994567223e+06 6.512718253148726428e-22
3.028753902369539719e+06 6.476285397738734651e-22
3.043897671881387010e+06 6.520253583854572832e-22
3.059117160240793601e+06 6.793965943046896775e-22
3.074412746041996870e+06 6.770308657833648975e-22
3.089784809772206470e+06 6.957563990993340715e-22
3.105233733821066562e+06 7.198967982024959730e-22
3.120759902490172070e+06 7.516578784033521279e-22
3.136363702002623118e+06 7.879265584607778762e-22
3.152045520512635820e+06 8.364333033241053192e-22
3.167805748115198221e+06 8.844598912123558551e-22
3.183644776855774224e+06 9.469426628242675352e-22
3.199563000740053132e+06 1.012609384672659427e-21
3.215560815743752755e+06 1.101567071577546800e-21
3.231638619822470937e+06 1.204459854664460585e-21
3.247796812921583187e+06 1.342486798644346791e-21
3.264035796986190602e+06 1.502137018831943921e-21
3.280355975971121341e+06 1.689900717952302158e-21
3.296757755850976799e+06 1.861554595965554615e-21
3.313241544630231336e+06 2.018429247943960016e-21
3.329807752353381366e+06 2.070803011451672252e-21
3.346456791115147993e+06 2.077754674691450789e-21
3.363189075070723891e+06 2.027111461416845601e-21
3.380005020446076989e+06 1.968913997201742769e-21
3.396905045548306778e+06 1.935591781707070717e-21
3.413889570776047651e+06 1.897850130373704857e-21
3.430959018629928119e+06 1.828207188477818404e-21
3.448113813723077066e+06 1.735078076269168313e-21
3.465354382791691925e+06 1.590953659638583086e-21
3.482681154705650173e+06 1.440439458794434062e-21
3.500094560479178093e+06 1.280396288617783084e-21
3.517595033281574026e+06 1.144015113409838226e-21
3.535183008447981440e+06 1.024435672135376919e-21
3.552858923490221612e+06 9.385312969600188023e-22
3.570623218107671477e+06 8.612110255259573029e-22
3.588476334198209923e+06 8.163929094458548827e-22
3.606418715869200416e+06 7.765156958443368888e-22
3.624450809448546730e+06 7.581125374829885266e-22
3.642573063495788723e+06 7.434505547282054941e-22
3.660785928813267499e+06 7.424822689498359962e-22
3.679089858457333408e+06 7.502451825956642206e-22
3.697485307749619242e+06 7.742228124892224380e-22
3.715972734288367443e+06 8.124356305949005970e-22
3.734552597959808074e+06 8.619505690045817285e-22
3.753225360949606635e+06 8.798028434621735326e-22
3.771991487754354719e+06 8.843222910772498039e-22
3.790851445193125866e+06 8.167803243226640053e-22
3.809805702419091016e+06 7.364442744132885378e-22
3.828854730931186117e+06 6.522692072040592975e-22
3.847999004585841671e+06 5.746647424307626188e-22
3.867238999608770944e+06 5.214638118765865121e-22
3.886575194606814068e+06 4.745046597095472405e-22
3.906008070579848252e+06 4.409160766977180411e-22
3.925538110932746902e+06 4.285416109480409434e-22
3.945165801487410441e+06 3.914699706825457030e-22
3.964891630494846497e+06 3.733279743962274110e-22
3.984716088647320401e+06 3.577995408709933814e-22
4.004639669090556446e+06 3.457036231275148842e-22
4.024662867436008994e+06 3.352742558191241976e-22
4.044786181773188990e+06 3.285492256901212592e-22
4.065010112682054285e+06 3.221126975311150484e-22
4.085335163245464209e+06 3.145985581285417278e-22
4.105761839061690960e+06 3.079163372620854102e-22
4.126290648256998975e+06 3.018928226436036706e-22
4.146922101498283911e+06 2.976094968494286279e-22
4.167656712005774491e+06 2.939138737025312465e-22
4.188494995565803256e+06 2.890508921180587640e-22
4.209437470543631352e+06 2.850783858853190569e-22
4.230484657896349207e+06 2.800536495626546052e-22
4.251637081185830757e+06 2.766709238188584610e-22
4.272895266591759399e+06 2.747404264114391101e-22
4.294259742924718186e+06 2.715714317741051057e-22
4.315731041639341041e+06 2.699368051586136598e-22
4.337309696847536601e+06 2.675284447460644645e-22
4.358996245331774466e+06 2.644839134396654076e-22
4.380791226558432914e+06 2.623458336256481274e-22
4.402695182691224851e+06 2.613659779682116876e-22
4.424708658604679629e+06 2.607165471305214320e-22
4.446832201897703111e+06 2.604097498690912155e-22
4.469066362907189876e+06 2.602065317226811703e-22
4.491411694721725769e+06 2.601931969972857099e-22
4.513868753195333295e+06 2.608970685463255494e-22
4.536438096961310133e+06 2.617030672379839141e-22
4.559120287446115166e+06 2.634552903983362149e-22
4.581915888883345760e+06 2.654379736577043325e-22
4.604825468327762559e+06 2.689271211764021596e-22
4.627849595669399947e+06 2.729697280573992896e-22
4.650988843647746369e+06 2.792310891067648150e-22
4.674243787865985185e+06 2.866967920947028822e-22
4.791099882562634535e+06 3.889819633496507555e-22
4.910877379626699723e+06 1.164195944626006108e-21
5.033649314117367379e+06 6.352262564646922768e-22
5.159490546970300376e+06 4.613141044916855945e-22
5.288477810644557700e+06 4.874581080614019445e-22
5.420689755910671316e+06 4.998967932063502561e-22
5.556206999808437191e+06 5.681147490383743128e-22
5.695112174803648144e+06 3.414035588579410168e-22
5.837489979173738509e+06 2.950964828589871345e-22
5.983427228653081693e+06 2.747512344386578655e-22
6.133012909369407222e+06 2.431650592035382992e-22
6.286338232103642076e+06 2.299586373005102413e-22
6.443496687906233594e+06 2.106938223240193499e-22
6.604584105103889480e+06 2.088495965613618352e-22
6.769698707731485367e+06 2.162962157359845306e-22
6.938941175424771383e+06 2.453532879228447354e-22
7.112414704810390249e+06 2.681447061872563396e-22
7.290225072430649772e+06 2.969725324768569296e-22
7.472480699241416529e+06 3.074527606527874178e-22
7.659292716722451150e+06 2.767645343675047063e-22
7.850775034640511498e+06 2.354675061702299927e-22
8.047044410506524146e+06 2.058775873834923641e-22
8.248220520769186318e+06 2.041743561947701696e-22
8.454426033788414672e+06 1.872942458547560616e-22
8.665786684633124620e+06 1.795289406332790494e-22
8.882431351748952642e+06 1.735080898957258523e-22
9.104492135542675853e+06 1.686750091947620471e-22
9.332104438931243494e+06 1.644035468696072783e-22
9.565407049904523417e+06 1.607520381954153479e-22
9.804542226152136922e+06 1.575531326949388499e-22
1.004965578180593811e+07 1.548483534089499640e-22
1.030089717635108531e+07 1.528015614780089214e-22
1.055841960575986281e+07 1.512097414041417506e-22
1.082238009590385668e+07 1.501014811537864662e-22
1.109293959830145352e+07 1.494154690344297757e-22
1.137026308825898916e+07 1.492057563021702513e-22
1.165451966546546482e+07 1.494934587434856492e-22
1.194588265710210055e+07 1.501601409774237390e-22
1.224452972352964990e+07 1.512513759791451497e-22
1.255064296661788970e+07 1.526759316287363481e-22
1.286440904078333639e+07 1.543827842985945967e-22
1.318601926680292003e+07 1.562290959827892122e-22
1.351566974847299233e+07 1.581433361106759879e-22
1.385356149218481407e+07 1.600199177045334135e-22
1.419990052948943339e+07 1.617811145784645359e-22
1.455489804272666760e+07 1.667735867279610172e-22
1.491877049379483052e+07 1.646069737647512963e-22
1.529173975613970123e+07 1.674550959035631523e-22
1.567403325004319102e+07 1.669544897943358390e-22
1.606588408129427209e+07 1.671502159247067683e-22
1.646753118332662620e+07 1.676035774964419134e-22
1.687921946290978789e+07 1.679329794474335468e-22
1.730119994948253408e+07 1.681583877176890230e-22
1.773372994821959361e+07 1.684622995128144511e-22
1.817707319692508131e+07 1.688987792166190175e-22
1.863150002684820816e+07 1.696126922101773204e-22
1.909728752751941234e+07 1.705955018559758593e-22
1.957471971570739523e+07 1.719409066961254571e-22
2.006408770860008150e+07 1.737364749324029495e-22
2.056568990131508186e+07 1.760607925959255032e-22
2.107983214884795249e+07 1.789267107106325867e-22
2.160682795256914943e+07 1.824177006055117740e-22
2.214699865138337389e+07 1.865005636468775978e-22
2.270067361766795814e+07 1.918608819306196731e-22
2.326819045810965449e+07 1.967004895111926706e-22
2.384989521956239268e+07 2.027121309473258852e-22
2.444614260005144775e+07 2.093219972823786510e-22
2.505729616505273432e+07 2.168858504738176827e-22
2.568372856917905062e+07 2.242625016617737409e-22
2.632582178340852261e+07 2.325196040861314368e-22
2.698396732799373195e+07 2.409217319954088433e-22
2.765856651119357347e+07 2.502494319391539927e-22
2.835003067397341132e+07 2.590425131871452250e-22
2.905878144082274288e+07 2.683600892026376230e-22
2.978525097684330866e+07 2.778423922697684727e-22
3.052988225126438588e+07 2.872691842697393930e-22
3.129312930754599720e+07 2.966539518642778844e-22
3.207545754023464024e+07 3.059453185954362278e-22
3.287734397874050587e+07 3.149728442287140815e-22
3.369927757820902020e+07 3.235252478302759285e-22
3.454175951766423881e+07 3.316966363042868505e-22
3.540530350560583919e+07 3.392187013485459144e-22
3.629043609324598312e+07 3.461556169341449860e-22
3.719769699557712674e+07 3.524450357402251821e-22
3.812763942046655715e+07 3.579378124141155555e-22
3.908083040597821772e+07 3.635931310928470402e-22
4.005785116612766683e+07 3.664291576536804454e-22
4.105929744528085738e+07 3.693397398144968450e-22
4.208577988141287118e+07 3.712282167131258530e-22
4.313792437844818830e+07 3.721585292217357626e-22
4.421637248790939152e+07 3.721748600957491644e-22
4.532178180010712147e+07 3.711522716896897478e-22
4.645482634510979801e+07 3.692480864178111265e-22
4.761619700373753905e+07 3.665745878195253948e-22
4.880660192883098125e+07 3.631146919691675634e-22
5.002676697705174983e+07 3.590973685678241380e-22
5.127743615147805214e+07 3.546366997417494583e-22
5.255937205526499450e+07 3.495613293340922123e-22
5.387335635664661229e+07 3.442281499411806033e-22
5.522019026556278765e+07 3.387713112462504189e-22
5.660069502220184356e+07 3.332841815762542157e-22
5.801571239775688201e+07 3.276341260769909521e-22
5.946610520770079643e+07 3.211086242244453096e-22
6.095275783789332211e+07 3.120902047646351629e-22
6.247657678384064883e+07 2.996391165407894349e-22
6.403849120343665779e+07 2.852074952475023744e-22
6.563945348352256417e+07 2.704355673924936448e-22
6.728043982061061263e+07 2.560669515871532146e-22
6.896245081612586975e+07 2.422299620135643437e-22
7.068651208652901649e+07 2.289149440331114166e-22
7.245367488869222999e+07 2.160410442179287442e-22
7.426501676090954244e+07 2.036084286768033538e-22
7.612164217993226647e+07 1.916113454166404790e-22
7.802468323443056643e+07 1.799582287967268727e-22
7.997530031529131532e+07 1.687420252109661262e-22
8.197468282317358255e+07 1.579453827976840794e-22
8.402404989375291765e+07 1.475151963395609097e-22
8.612465114109672606e+07 1.375605814773954918e-22
8.827776741962414980e+07 1.280217653037821659e-22
9.048471160511472821e+07 1.189159149689815193e-22
9.274682939524260163e+07 1.102316123165460191e-22
9.506550013012364507e+07 1.019964742089599781e-22
9.744213763337673247e+07 9.420578977255382290e-23
9.987819107421115041e+07 8.687948828584929244e-23
1.023751458510664105e+08 7.996746956818256474e-23
1.049345244973430634e+08 7.348722810683972105e-23
1.075578876097766310e+08 6.730819569576312890e-23
1.102468348000210524e+08 6.144333455316108237e-23
1.130030056700215638e+08 5.585197196319709014e-23
1.158280808117720783e+08 5.068676537519641020e-23
1.187237828320663869e+08 4.593741468181179834e-23
1.216918774028680325e+08 4.158515168187355999e-23
1.247341743379397094e+08 3.761110524790548366e-23
1.278525286963882148e+08 3.398234556929449258e-23
1.310488419137978852e+08 3.065786602380307880e-23
1.343250629616428316e+08 2.763492354598990878e-23
1.376831895356839001e+08 2.488332629301590585e-23
1.411252692740759850e+08 2.238545987083629536e-23
1.446534010059278607e+08 2.011317920264128424e-23
1.482697360310760438e+08 1.806618502741120685e-23
1.519764794318529367e+08 1.620201483926737875e-23
1.557758914176492691e+08 1.452214848296542610e-23
1.596702887030904889e+08 1.300949670361126528e-23
1.636620459206677377e+08 1.164195726648240645e-23
1.677535970686844289e+08 1.041024717709756509e-23
1.719474369954015017e+08 9.306118765837856502e-24
1.762461229202865362e+08 8.312509413416763281e-24
1.806522759932936728e+08 7.418487559227638514e-24
1.851685828931260407e+08 6.620652239940482837e-24
1.897977974654541612e+08 5.903032691248795547e-24
1.945427424020904899e+08 5.259303570832429062e-24
1.994063109621427655e+08 4.685377387803696086e-24
2.043914687361963093e+08 4.171417303439067595e-24
2.095012554546011984e+08 3.711804874248271720e-24
2.147387868409661949e+08 3.301413418691687432e-24
2.201072565119903684e+08 2.935322123698913122e-24
2.256099379247900844e+08 2.608406474767720256e-24
2.312501863729098439e+08 2.317386557585658389e-24
2.370314410322325826e+08 2.058063097996515878e-24
2.429572270580383837e+08 1.827087540044746789e-24
2.490311577344892919e+08 1.621409838878047024e-24
2.552569366778515279e+08 1.438908095615765215e-24
2.616383600947977901e+08 1.275895243191503259e-24
2.681793190971677303e+08 1.131659626913860736e-24
2.748838020745969415e+08 1.003420970853301675e-24
2.817558971264618039e+08 8.890644762224615317e-25
2.887997945546233654e+08 7.877533165750329641e-25
2.960197894184889197e+08 6.983520731508030592e-25
3.034202841539511085e+08 6.185650049800391574e-25
3.110057912577998638e+08 5.476426828942626257e-25
3.187809360392448306e+08 4.849307794982401999e-25
3.267504594402258992e+08 4.292186533795018425e-25
3.349192209262315631e+08 3.797940310244119527e-25
3.432922014493873119e+08 3.361304835091832315e-25
3.518745064856219292e+08 2.972467578080371974e-25
3.606713691477624178e+08 2.627193512729389254e-25
3.696881533764564991e+08 2.322185562127793662e-25
3.789303572108678818e+08 2.051840933628317815e-25
3.884036161411395073e+08 1.811636621942745438e-25
3.981137065446679592e+08 1.599412112580991711e-25
4.080665492082846165e+08 1.411542115526879019e-25
4.182682129384917021e+08 1.245314500222163316e-25
4.287249182619538903e+08 1.098426637828238865e-25
4.394430412185027599e+08 9.686813062701820661e-26
4.504291172489652038e+08 8.540714827761462640e-26
4.616898451801893115e+08 7.529311205391717531e-26
4.732320913096940517e+08 6.637999634118258104e-26
4.850628935924363732e+08 5.848893114864169947e-26
4.971894659322471619e+08 5.152325346614896673e-26
5.096192025805533528e+08 4.538872381548575500e-26
5.223596826450670958e+08 3.998164337859313533e-26
5.354186747111937404e+08 3.520440624652784912e-26
5.488041415789735317e+08 3.100804006644874417e-26
5.625242451184477806e+08 2.729960835353909827e-26
5.765873512464089394e+08 2.402609455889734390e-26
5.910020350275691748e+08 2.115346846410973213e-26
6.057770859032583237e+08 1.862054302277619615e-26
6.209215130508397818e+08 1.638599279545757021e-26
6.364445508771107197e+08 1.442427835524168999e-26
6.523556646490384340e+08 1.269327141732120267e-26
6.686645562652642727e+08 1.116824217301143482e-26
6.853811701718959808e+08 9.831175268023163523e-27
7.025156994261932373e+08 8.653594683037943314e-27
7.200785919118480682e+08 7.613891129653000987e-27
7.380805567096441984e+08 6.701409476469625419e-27
7.565325706273851395e+08 5.900760051330676083e-27
7.754458848930697441e+08 5.194209386577663740e-27
7.948320320153963566e+08 4.574462474188171671e-27
8.147028328157812357e+08 4.029149673736583982e-27
8.350704036361756325e+08 3.548984610348075178e-27
8.559471637270798683e+08 3.125719678384024771e-27
8.773458428202568293e+08 2.752681423682918290e-27
8.992794888907632828e+08 2.422938328978406045e-27
9.217614761130322218e+08 2.132375438656749781e-27
9.448055130158579350e+08 1.877464321134940667e-27
9.684256508412541151e+08 1.652912142724467111e-27
9.926362921122854948e+08 1.454746231381271799e-27
1.017452199415092468e+09 1.281432780309606680e-27
1.042888504400469780e+09 1.128321373811183732e-27
1.068960717010481477e+09 9.934313957664394598e-28
1.095684734935743332e+09 8.753673640553561657e-28
1.123076853309136868e+09 7.714781352896879930e-28
1.151153774641865253e+09 6.803404871362456788e-28
1.179932619007911921e+09 6.003713943670958508e-28
1.209430934483109474e+09 5.291925008637528047e-28
1.239666707845187187e+09 4.663289967683475903e-28
1.270658375541316748e+09 4.111301323094902274e-28
1.302424834929849625e+09 3.634605794235376746e-28
1.334985455803095818e+09 3.203991117809707561e-28
1.368360092198173046e+09 2.824612440436650527e-28
1.402569094503127337e+09 2.491220169966995599e-28
1.437633321865705252e+09 2.196560854777606521e-28
1.473574154912347794e+09 1.940100638270573531e-28
1.510413508785156727e+09 1.715058564951953819e-28
1.548173846504785538e+09 1.516146273443052488e-28
1.586878192667405128e+09 1.340595734500000715e-28
1.626550147484089851e+09 1.185500741534471564e-28
1.667213901171192169e+09 1.047288559717077148e-28
1.708894248700471878e+09 9.255212181862950463e-29
1.751616604917983532e+09 8.181300402501206035e-29
1.795407020040932655e+09 7.232658210033735805e-29
1.840292195541955948e+09 6.393216519217263395e-29
1.886299500430504799e+09 5.649904494884081897e-29
1.933456987941267252e+09 4.991250399758822424e-29
1.981793412639798641e+09 4.409276322990512716e-29
2.031338247955793142e+09 3.897067602560158436e-29
2.082121704154687881e+09 3.451794344531367352e-29
2.134174746758554935e+09 3.052519528450040385e-29
2.187529115427518845e+09 2.704646839055014873e-29
2.242217343313206673e+09 2.394287253980444801e-29
2.298272776896036625e+09 2.116615751591515480e-29
2.355729596318437099e+09 1.882846337098744612e-29
2.414622836226397991e+09 1.666927963969790138e-29
2.474988407132057667e+09 1.493089997275871835e-29
2.536863117310359001e+09 1.331072238861622066e-29
2.600284695243117809e+09 1.180152739110518676e-29
2.665291812624195099e+09 1.044516840884811054e-29
2.731924107939800262e+09 9.290835929969236603e-30
2.800222210638294697e+09 8.343393361414214159e-30
2.870227765904252052e+09 7.385860700399926559e-30
2.941983460051857948e+09 6.539435277164474861e-30
3.015533046553153992e+09 5.791536668319112940e-30
3.090921372716982365e+09 5.134155331718082969e-30
3.168194407034907341e+09 4.545922645171904044e-30
3.247399267210779667e+09 4.027738304170897441e-30
3.328584248891048908e+09 3.588342664007135798e-30
3.411798855113324642e+09 3.251246781080126777e-30
3.497093826491157532e+09 2.893491586502557836e-30
3.584521172153435707e+09 2.568427326973598882e-30
3.674134201457271576e+09 2.275642807834577654e-30
3.765987556493702888e+09 2.018280196583204671e-30
3.860137245406045437e+09 1.797995604433774931e-30
3.956640676541195869e+09 1.597560054120246701e-30
4.055556693454725266e+09 1.416287579968825263e-30
4.156945610791092873e+09 1.255251014356871802e-30
4.260869251060869694e+09 1.118503400285852396e-30
4.367390982337390900e+09 1.001690732330167628e-30
4.476575756895825386e+09 9.241417381406766572e-35
