4.723999479377881983e+01 0.000000000000000000e+00
4.842099466362328997e+01 0.000000000000000000e+00
4.963151953021387186e+01 0.000000000000000000e+00
5.087230751846921351e+01 0.000000000000000000e+00
5.214411520643093922e+01 0.000000000000000000e+00
5.344771808659171342e+01 0.000000000000000000e+00
5.478391103875650003e+01 0.000000000000000000e+00
5.615350881472540578e+01 0.000000000000000000e+00
5.755734653509353649e+01 0.000000000000000000e+00
5.899628019847086335e+01 0.000000000000000000e+00
6.047118720343262765e+01 0.000000000000000000e+00
6.198296688351844352e+01 0.000000000000000000e+00
6.353254105560640141e+01 0.000000000000000000e+00
6.512085458199655363e+01 0.000000000000000000e+00
6.674887594654646250e+01 0.000000000000000000e+00
6.841759784521011056e+01 0.000000000000000000e+00
7.012803779134036120e+01 0.000000000000000000e+00
7.188123873612386205e+01 0.000000000000000000e+00
7.367826970452695434e+01 0.000000000000000000e+00
7.552022644714011790e+01 0.000000000000000000e+00
7.740823210831861445e+01 0.000000000000000000e+00
7.934343791102656951e+01 0.000000000000000000e+00
8.132702385880222096e+01 0.000000000000000000e+00
8.336019945527226582e+01 0.000000000000000000e+00
8.544420444165407957e+01 0.000000000000000000e+00
8.758030955269541096e+01 0.000000000000000000e+00
8.976981729151279410e+01 0.000000000000000000e+00
9.201406272380060614e+01 0.000000000000000000e+00
9.431441429189561632e+01 0.000000000000000000e+00
9.667227464919298541e+01 0.000000000000000000e+00
9.908908151542280507e+01 0.000000000000000000e+00
1.015663085533083745e+02 0.000000000000000000e+00
1.041054662671410682e+02 0.000000000000000000e+00
1.067081029238195811e+02 0.000000000000000000e+00
1.093758054969150493e+02 0.000000000000000000e+00
1.121102006343379287e+02 0.000000000000000000e+00
1.149129556501963521e+02 0.000000000000000000e+00
1.177857795414512623e+02 0.000000000000000000e+00
1.207304240299875318e+02 0.000000000000000000e+00
1.237486846307372303e+02 0.000000000000000000e+00
1.268424017465056579e+02 0.000000000000000000e+00
1.300134617901682645e+02 0.000000000000000000e+00
1.332637983349224555e+02 0.000000000000000000e+00
1.365953932932955297e+02 0.000000000000000000e+00
1.400102781256279059e+02 0.000000000000000000e+00
1.435105350787686120e+02 0.000000000000000000e+00
1.470982984557378188e+02 0.000000000000000000e+00
1.507757559171312494e+02 0.000000000000000000e+00
1.545451498150595171e+02 0.000000000000000000e+00
1.584087785604359908e+02 0.000000000000000000e+00
1.623689980244469098e+02 0.000000000000000000e+00
1.664282229750580200e+02 0.000000000000000000e+00
1.705889285494344847e+02 0.000000000000000000e+00
1.748536517631703191e+02 0.000000000000000000e+00
1.792249930572495771e+02 0.000000000000000000e+00
1.837056178836807874e+02 0.000000000000000000e+00
1.882982583307727964e+02 0.000000000000000000e+00
1.930057147890421447e+02 0.000000000000000000e+00
1.978308576587681671e+02 0.000000000000000000e+00
2.027766291002373578e+02 0.000000000000000000e+00
2.078460448277432704e+02 0.000000000000000000e+00
2.130421959484368415e+02 0.000000000000000000e+00
2.183682508471477490e+02 0.000000000000000000e+00
2.238274571183264356e+02 0.000000000000000000e+00
2.294231435462846207e+02 0.000000000000000000e+00
2.351587221349416836e+02 0.000000000000000000e+00
2.410376901883151959e+02 0.000000000000000000e+00
2.470636324430230673e+02 0.000000000000000000e+00
2.532402232540986233e+02 0.000000000000000000e+00
2.595712288354510520e+02 0.000000000000000000e+00
2.660605095563373652e+02 4.457748264885292003e-96
2.727120222952457311e+02 2.049668604804340983e-94
2.795298228526268645e+02 3.432172316668902117e-93
2.865180684239424522e+02 4.587411629205948309e-92
2.936810201345410292e+02 4.357722752352310815e-91
3.010230456379045449e+02 3.773994278466823395e-90
3.085486217788521230e+02 9.122050604142940095e-89
3.162623373233233792e+02 2.717436623570087312e-87
3.241688957564064708e+02 3.357471723219232538e-86
3.322731181503166340e+02 3.301760037311457541e-85
3.405799461040744518e+02 2.618095394879532835e-84
3.490944447566762392e+02 1.676524121946933790e-83
3.578218058755931565e+02 4.553743178478824776e-82
3.667673510224829556e+02 4.487745923335856546e-81
3.759365347980450451e+02 3.599655016946031511e-80
3.853349481679961173e+02 2.540527853786432241e-79
3.949683218721959292e+02 2.544031548849257857e-78
4.048425299190007536e+02 3.004741247425087550e-77
4.149635931669757838e+02 2.338386053737739633e-76
4.253376829961501358e+02 1.538520234914653951e-75
4.359711250710538479e+02 1.080882552843718566e-74
4.468704031978301714e+02 1.279636330495554769e-73
4.580421632777757850e+02 8.472088281184076107e-73
4.694932173597202336e+02 4.801870875113084316e-72
4.812305477937131855e+02 2.901643674739012560e-71
4.932613114885559753e+02 1.797647869497053614e-70
5.055928442757698349e+02 9.122394730270695204e-70
5.182326653826639813e+02 4.254362138442649643e-69
5.311884820172306263e+02 2.162830197874932127e-68
5.444681940676613294e+02 1.005727881290396933e-67
5.580798989193528996e+02 4.655912827278250402e-67
5.720318963923365345e+02 1.924919690066877650e-66
5.863326938021449450e+02 7.610596426770387741e-66
6.009910111471984919e+02 2.747491074075203235e-65
6.160157864258784457e+02 9.230661692581007817e-65
6.314161810865253983e+02 2.965745911073700945e-64
6.472015856136885077e+02 9.336954266808637281e-64
6.633816252540306095e+02 2.606899134320575675e-63
6.799661658853813151e+02 6.823080762705233752e-63
6.969653200325158195e+02 1.689511148293406229e-62
7.143894530333285502e+02 4.058789593823235157e-62
7.322491893591618464e+02 9.038639672965699937e-62
7.505554190931406993e+02 1.905788636298234602e-61
7.693193045704692850e+02 3.688378146554675000e-61
7.885522871847309716e+02 8.635918141133234437e-61
8.082660943643491009e+02 1.657902753173318103e-60
8.284727467234579308e+02 3.144583547136222099e-60
8.491845653915441972e+02 4.833573443412307348e-60
8.704141795263328731e+02 6.834227831495791637e-60
8.921745340144910870e+02 9.565979225721597998e-60
9.144788973648531964e+02 1.606201953664814508e-59
9.373408697989743814e+02 2.315498836691649662e-59
9.607743915439486955e+02 2.935438416954610222e-59
9.847937513325472310e+02 3.536818119601248800e-59
1.009413595115860858e+03 4.716964243806125316e-59
1.034648934993757166e+03 3.678773012464345809e-59
1.060515158368601078e+03 4.642355024584067422e-59
1.087028037327816037e+03 3.803787844949713216e-59
1.114203738261011267e+03 2.640627126735491168e-59
1.142058831717536350e+03 2.807966138830286182e-59
1.170610302510474639e+03 3.293490056937499926e-59
1.199875560073236556e+03 6.369818981741280734e-59
1.229872449075067379e+03 4.048135928746842533e-58
1.260619260301943996e+03 2.551544314067701838e-57
1.292134741809492425e+03 1.493883355498779608e-56
1.324438110354729815e+03 7.433639267809477641e-56
1.357549063113598095e+03 5.611558285299192917e-55
1.391487789691437683e+03 3.229258499023062933e-54
1.426274984433723603e+03 1.850885139610197612e-53
1.461931859044566409e+03 9.948707946069644526e-53
1.498480155520680682e+03 4.321573179318852067e-52
1.535942159408697307e+03 1.847152895245261847e-51
1.574340713393914712e+03 8.089477183911186512e-51
1.613699231228762528e+03 4.051376384861515375e-50
1.654041712009481671e+03 1.879686170589701272e-49
1.695392754809718326e+03 9.164494665501214373e-49
1.737777573679961506e+03 4.136985452642495038e-48
1.781222013021960720e+03 1.813361969691376296e-47
1.825752563347509522e+03 7.357354321869173734e-47
1.871396377431196925e+03 2.685037411979759981e-46
1.918181286866976734e+03 1.025227782339673062e-45
1.966135819038650880e+03 3.998951519601282428e-45
2.015289214514616788e+03 1.557166666506514408e-44
2.065671444877481918e+03 5.711044238006971151e-44
2.117313230999418920e+03 2.006254489549847957e-43
2.170246061774404552e+03 6.534172228388495490e-43
2.224502213318764461e+03 2.004894500571450410e-42
2.280114768651732902e+03 5.942404241069567210e-42
2.337117637868026122e+03 1.861247778060813489e-41
2.395545578814726923e+03 5.772292416202572438e-41
2.455434218285094630e+03 1.775788132613047746e-40
2.516820073742221666e+03 5.136476795658435144e-40
2.579740575585777151e+03 1.509791891388234006e-39
2.644234089975421284e+03 4.174972460209553930e-39
2.710339942224807146e+03 1.152219070865275304e-38
2.778098440780426699e+03 2.988405199980006228e-38
2.847550901799937037e+03 7.717042810379777426e-38
2.918739674344935793e+03 1.965169147613196610e-37
2.991708166203558903e+03 4.825362004250375569e-37
3.066500870358647262e+03 1.148508153291104637e-36
3.143163392117613057e+03 2.700761375319134019e-36
3.221742476920553599e+03 6.092755851990055321e-36
3.302286038843567439e+03 1.319923939121723223e-35
3.384843189814655943e+03 2.848813180332571041e-35
3.469464269560021876e+03 6.341051825971002109e-35
3.556200876299022184e+03 1.433774353079831177e-34
3.645105898206497841e+03 2.887429215422982791e-34
3.736233545661660173e+03 6.310843807250840505e-34
3.829639384303201950e+03 1.303068404613166788e-33
3.925380368910781726e+03 2.613761230247309522e-33
4.023514878133551065e+03 5.612790963018965877e-33
4.124102750086889500e+03 1.181447074373087353e-32
4.227205318839061874e+03 2.561068568354455382e-32
4.332885451810037921e+03 5.353454649795143427e-32
4.441207588105287869e+03 9.896897117075400349e-32
4.552237777807919883e+03 1.827565217061108428e-31
4.666043722253117267e+03 3.628025083783443749e-31
4.782694815309445403e+03 6.409162287389164721e-31
4.902262185692181447e+03 1.042685515392594068e-30
5.024818740334485483e+03 1.740992262060045643e-30
5.150439208842846710e+03 3.293779010617321889e-30
5.279200189063918515e+03 5.683840414145625886e-30
5.411180193790515659e+03 8.979302922815663854e-30
5.546459698635278983e+03 1.372391738281599471e-29
5.685121191101160548e+03 5.776949156104952287e-29
5.827249220878688902e+03 7.930803990342739302e-29
5.972930451400654420e+03 1.259932378689261267e-28
6.122253712685669598e+03 1.704084329446863600e-28
6.275310055502810428e+03 2.782398014291140874e-28
6.432192806890380780e+03 4.183830196733480605e-28
6.592997627062639367e+03 5.645064900248534642e-28
6.757822567739204715e+03 1.803027592106649737e-27
6.926768131932684810e+03 5.384827124294102439e-27
7.099937335231001271e+03 7.190232324187588538e-27
7.277435768611775529e+03 9.335391690284011160e-27
7.459371662827069486e+03 1.198799647051309068e-26
7.645855954397744426e+03 1.540381443338874723e-26
7.837002353257686991e+03 1.942846922070988296e-26
8.032927412089129575e+03 2.451756752577066180e-26
8.233750597391355768e+03 3.117398530330681562e-26
8.439594362326137343e+03 3.859838751604154257e-26
8.650584221384289776e+03 3.727085636050289216e-26
8.866848826918896521e+03 2.840444303705427598e-26
9.088520047591868206e+03 2.076808753260133330e-26
9.315733048781665275e+03 1.304837753640007294e-26
9.548626375001205815e+03 9.622131243196514930e-27
9.787342034376237280e+03 9.471366983374813478e-27
1.003202558523564039e+04 1.100323199689021291e-26
1.028282622486653054e+04 1.300756856485825398e-26
1.053989688048819335e+04 1.510155208065734768e-26
1.080339430250039732e+04 2.035011637752273453e-26
1.107347916006290507e+04 4.038581818211933127e-26
1.135031613906447819e+04 5.687696194037874123e-26
1.163407404254108769e+04 5.657272362982067428e-26
1.192492589360461534e+04 6.792647979326404346e-26
1.222304904094473022e+04 7.076999921934847734e-26
1.252862526696834720e+04 7.715976127271590689e-26
1.284184089864255657e+04 8.555194065217874467e-26
1.316288692110861848e+04 9.150649448917325639e-26
1.349195909413632944e+04 9.892221595695332365e-26
1.382925807148973763e+04 1.034567526487874889e-25
1.417498952327697771e+04 1.064492926798180165e-25
1.424586447089336070e+04 1.052431869466265312e-25
1.431709379324782640e+04 9.183126515304013356e-26
1.438867926221406378e+04 9.373052734675045800e-26
1.446062265852513337e+04 1.092374835307752219e-25
1.453292577181775596e+04 1.129389019211832050e-25
1.460559040067684327e+04 1.164057267697159742e-25
1.467861835268022514e+04 1.191350874341623521e-25
1.475201144444362399e+04 1.192580413997796285e-25
1.482577150166584033e+04 1.223035114658453281e-25
1.489990035917416935e+04 1.230238030053437235e-25
1.497439986097003930e+04 1.250058763589084342e-25
1.504927186027488460e+04 1.264023686595991576e-25
1.512451821957625907e+04 1.284180327809212914e-25
1.520014081067413827e+04 1.312704258410171153e-25
1.527614151472750746e+04 1.321375273103852684e-25
1.535252222230114421e+04 1.339534000655065691e-25
1.542928483341264837e+04 1.354400938512685409e-25
1.550643125757970847e+04 1.375092715842925621e-25
1.558396341386760650e+04 1.389395178840198090e-25
1.566188323093694271e+04 1.389379508413395959e-25
1.574019264709162599e+04 1.428969733560564834e-25
1.581889361032708257e+04 1.422610971472464651e-25
1.589798807837871573e+04 1.441918543703380781e-25
1.597747801877060738e+04 1.457096206712181629e-25
1.605736540886445800e+04 1.495147851153418711e-25
1.613765223590877940e+04 1.502395604437047898e-25
1.621834049708832026e+04 1.498012010656545164e-25
1.629943219957375914e+04 1.508828499660917918e-25
1.638092936057162660e+04 1.544256349978613263e-25
1.646283400737448392e+04 1.522615648873330179e-25
1.654514817741135266e+04 1.541947275333410740e-25
1.662787391829840999e+04 1.578074329647538156e-25
1.671101328788990213e+04 1.582157765709889139e-25
1.679456835432934895e+04 1.587750993398954267e-25
1.687854119610099224e+04 1.640672343130143962e-25
1.696293390208149867e+04 1.639485926688443410e-25
1.704774857159190287e+04 1.667114320371717372e-25
1.713298731444986333e+04 1.695499062038740871e-25
1.721865225102210752e+04 1.733205759876339068e-25
1.730474551227721531e+04 1.761336224575553551e-25
1.739126923983859888e+04 1.758874159819146737e-25
1.747822558603779180e+04 1.843512065930839293e-25
1.756561671396797828e+04 1.826877610687871485e-25
1.765344479753781707e+04 1.768377785935527900e-25
1.774171202152550541e+04 1.864391498041841492e-25
1.783042058163313050e+04 1.840176741662709747e-25
1.791957268454129371e+04 1.866407159670709184e-25
1.800917054796399680e+04 1.820598169774430556e-25
1.809921640070381545e+04 1.900729645756021168e-25
1.818971248270733122e+04 1.808375337777730308e-25
1.828066104512086531e+04 1.843806109602186701e-25
1.837206435034647075e+04 1.864710516805682562e-25
1.846392467209819733e+04 1.861371659873332023e-25
1.855624429545868770e+04 1.919597986761529977e-25
1.864902551693598070e+04 1.926761203366235037e-25
1.874227064452065679e+04 2.017883285057741656e-25
1.883598199774325985e+04 2.039498695585318562e-25
1.893016190773197377e+04 1.947215415138897166e-25
1.902481271727063358e+04 2.040105291905263075e-25
1.911993678085698411e+04 2.100855270391348994e-25
1.921553646476126960e+04 2.049610146652829784e-25
1.931161414708507436e+04 2.123733421205657774e-25
1.940817221782049819e+04 2.127910551112338978e-25
1.950521307890959724e+04 2.175661941808407534e-25
1.960273914430414152e+04 2.191513046177864621e-25
1.970075284002566332e+04 2.059613404905550874e-25
1.979925660422578585e+04 2.156085614473125760e-25
1.989825288724691200e+04 2.131533510488351104e-25
1.999774415168314590e+04 2.203244810798216023e-25
2.009773287244156018e+04 2.118892400557461835e-25
2.019822153680376505e+04 2.145399499206317381e-25
2.029921264448778311e+04 2.227767244354870073e-25
2.040070870771021873e+04 2.281049080449022158e-25
2.050271225124876946e+04 2.260822143363484979e-25
2.060522581250500662e+04 2.397457614768144603e-25
2.070825194156752696e+04 2.340705725565545386e-25
2.081179320127536630e+04 2.398462430765559805e-25
2.091585216728174055e+04 2.445482645975222514e-25
2.102043142811815051e+04 2.407147159010217324e-25
2.112553358525873773e+04 2.372104085631409073e-25
2.123116125318502600e+04 2.425301142819200862e-25
2.133731705945095018e+04 2.368227116778626086e-25
2.144400364474820526e+04 2.434591680890360928e-25
2.155122366297194094e+04 2.473473616048481032e-25
2.165897978128680188e+04 2.331771364408917277e-25
2.176727468019322987e+04 2.435291659404082016e-25
2.187611105359419889e+04 2.501933576109903603e-25
2.198549160886216850e+04 2.452234688756226766e-25
2.209541906690647374e+04 2.440810315291751773e-25
2.220589616224100610e+04 2.342125279185280150e-25
2.231692564305220731e+04 2.455177924865024160e-25
2.242851027126746339e+04 2.520429390627161362e-25
2.254065282262380060e+04 2.536857528773171812e-25
2.265335608673691604e+04 2.544887530651505316e-25
2.276662286717059760e+04 2.559774761051932885e-25
2.288045598150645310e+04 2.495440447778404078e-25
2.299485826141398138e+04 2.524961364454150368e-25
2.310983255272105089e+04 2.555718399951035073e-25
2.322538171548465107e+04 2.607182181390530711e-25
2.334150862406207307e+04 2.591512318449563376e-25
2.345821616718237783e+04 2.587378379605068135e-25
2.357550724801828983e+04 2.630201771707018229e-25
2.369338478425837820e+04 2.637811648909417167e-25
2.381185170817966718e+04 2.645308482664698736e-25
2.393091096672056301e+04 2.625679797356301059e-25
2.405056552155416284e+04 2.716586912607891163e-25
2.417081834916193111e+04 2.726852965239159649e-25
2.429167244090774329e+04 2.838101311498952668e-25
2.441313080311228259e+04 2.729036422144025153e-25
2.453519645712784040e+04 2.710153644865050795e-25
2.465787243941347333e+04 2.748640799240357556e-25
2.478116180161053853e+04 2.755890343647396847e-25
2.490506761061858924e+04 2.683898928222435133e-25
2.502959294867167773e+04 2.687061354094939996e-25
2.515474091341503663e+04 2.757613832928236642e-25
2.528051461798210221e+04 2.734772336126999006e-25
2.540691719107201789e+04 2.617031952787378981e-25
2.553395177702737419e+04 2.712080148731900348e-25
2.566162153591250899e+04 2.710996693452537174e-25
2.578992964359206962e+04 2.728443906976354854e-25
2.591887929181002255e+04 2.648650263059581293e-25
2.604847368826907405e+04 2.592191002360278717e-25
2.617871605671041470e+04 2.268083447962456353e-25
2.630960963699396234e+04 2.633095736392018499e-25
2.644115768517892866e+04 2.857080064518291242e-25
2.657336347360482250e+04 2.934816364993976910e-25
2.670623029097284598e+04 2.900402555389351107e-25
2.683976144242770170e+04 2.935004297216494690e-25
2.697396024963984019e+04 3.068524141359833567e-25
2.710883005088803475e+04 3.041651877809708885e-25
2.724437420114247652e+04 3.034761267933915090e-25
2.738059607214818607e+04 3.004211188845189421e-25
2.751749905250892334e+04 3.044330564315723351e-25
2.765508654777146512e+04 3.067760669208663763e-25
2.779336198051032261e+04 3.117185235289559404e-25
2.793232879041286651e+04 3.134620350129669649e-25
2.807199043436492866e+04 3.113297332490622070e-25
2.821235038653675292e+04 3.083518090604779606e-25
2.835341213846942992e+04 3.057218171389746493e-25
2.849517919916177198e+04 3.133018856349821815e-25
2.863765509515757731e+04 3.194338997932267618e-25
2.878084337063336716e+04 2.368070122414320766e-25
2.892474758748653039e+04 3.144915082446296376e-25
2.906937132542395921e+04 3.292916001493561261e-25
2.921471818205107775e+04 3.429342882659448433e-25
2.936079177296133275e+04 3.446195735603619758e-25
2.950759573182613531e+04 3.363206541751075444e-25
2.965513371048526096e+04 3.465944362274627352e-25
2.980340937903768645e+04 3.429148322952711352e-25
2.995242642593286655e+04 3.493312972620407363e-25
3.010218855806253123e+04 3.611489990200378236e-25
3.025269950085283926e+04 3.696706100963031467e-25
3.040396299835709942e+04 3.768661292095914428e-25
3.055598281334888452e+04 3.695575324182039588e-25
3.070876272741562570e+04 3.805494884086443011e-25
3.086230654105269423e+04 3.963993194222418613e-25
3.101661807375795979e+04 3.955852025536251529e-25
3.117170116412674906e+04 3.995147129397315262e-25
3.132755966994737173e+04 3.943710216180363496e-25
3.148419746829710493e+04 4.091971437511129964e-25
3.164161845563859242e+04 4.089080197025861359e-25
3.179982654791678215e+04 4.314833908298526819e-25
3.195882568065636588e+04 4.425417141301960715e-25
3.211861980905964083e+04 4.471320790730596003e-25
3.227921290810493520e+04 4.493295288053712219e-25
3.244060897264545565e+04 4.378694593718532872e-25
3.260281201750867694e+04 4.609471931467896362e-25
3.276582607759621533e+04 4.697409756208977493e-25
3.292965520798419311e+04 4.719224248727172867e-25
3.309430348402411619e+04 5.098224873300169024e-25
3.325977500144422811e+04 5.223339664392322920e-25
3.342607387645144627e+04 5.203434747921008338e-25
3.359320424583370186e+04 5.404282842403900274e-25
3.376117026706286561e+04 5.533815494027112139e-25
3.392997611839817546e+04 5.694111808714754029e-25
3.409962599899016641e+04 5.674048210718016634e-25
3.427012412898510956e+04 5.990464476788486740e-25
3.444147474963003333e+04 6.192579992319162550e-25
3.461368212337817386e+04 6.372247035362249660e-25
3.478675053399506578e+04 6.599167798100276956e-25
3.496068428666504042e+04 6.703599002818108373e-25
3.513548770809835696e+04 6.991396250182200427e-25
3.531116514663884300e+04 7.165713836904089336e-25
3.548772097237202979e+04 7.280730879949844038e-25
3.566515957723388419e+04 7.720843916615295396e-25
3.584348537512005714e+04 8.069769423188559591e-25
3.602270280199564877e+04 8.200547723869634578e-25
3.620281631600562105e+04 8.214926106276677107e-25
3.638383039758563973e+04 8.874078443955373692e-25
3.656574954957356385e+04 9.255875764008552814e-25
3.674857829732143000e+04 9.763411603330439976e-25
3.693232118880803318e+04 1.024078506335522875e-24
3.711698279475206800e+04 1.049352332635713042e-24
3.730256770872582274e+04 9.275438741480602311e-25
3.748908054726944829e+04 1.159896239198594711e-24
3.767652595000579458e+04 1.216649494477242825e-24
3.786490857975582185e+04 1.224737806931129208e-24
3.805423312265459390e+04 1.351384239906253766e-24
3.824450428826786083e+04 1.389150582538035991e-24
3.843572680970919464e+04 1.491157244444859621e-24
3.862790544375773607e+04 1.548438815853032291e-24
3.882104497097652347e+04 1.675628268418115669e-24
3.901515019583140383e+04 1.744889575414239436e-24
3.921022594681055489e+04 1.869772925478728583e-24
3.940627707654460391e+04 1.901539086054215386e-24
3.960330846192732861e+04 2.097129540525155712e-24
3.980132500423695456e+04 2.225129891621600873e-24
4.000033162925813667e+04 2.365858091893011241e-24
4.020033328740442084e+04 2.527481454947026222e-24
4.040133495384144044e+04 2.548412255360051873e-24
4.060334162861064397e+04 2.903375919559232881e-24
4.080635833675369213e+04 3.143857794680601178e-24
4.101039012843745877e+04 3.402240429190451870e-24
4.121544207907964301e+04 3.628691532982045256e-24
4.142151928947503620e+04 3.975315111711608380e-24
4.162862688592240738e+04 4.306056464648359786e-24
4.183677002035201440e+04 4.707295637199773052e-24
4.204595387045376992e+04 5.074111767517871630e-24
4.225618363980604045e+04 5.539166653799722972e-24
4.246746455800505646e+04 5.859195281428376163e-24
4.267980188079508662e+04 6.511247719323938697e-24
4.289320089019904844e+04 7.259114378707762241e-24
4.310766689465003583e+04 9.337438947078342941e-24
4.332320522912328306e+04 1.133922933412949633e-23
4.353982125526890013e+04 1.505522118135679043e-23
4.375752036154524103e+04 1.343488111793862461e-23
4.397630796335295599e+04 1.377607004758648063e-23
4.419618950316972041e+04 2.831338642574046111e-23
4.441717045068556035e+04 3.175847212699406668e-23
4.463925630293898575e+04 3.152382612786415739e-23
4.486245258445366926e+04 1.355105094735818888e-23
4.508676484737593273e+04 3.878585479249526108e-23
4.531219867161280126e+04 3.195525615014223658e-23
4.553875966497086483e+04 4.104156320885525358e-23
4.576645346329570748e+04 3.383676212846473589e-23
4.599528573061218776e+04 2.332807738330290162e-23
4.622526215926524310e+04 2.829767994618039687e-23
4.645638847006155993e+04 4.025348028980414375e-23
4.668867041241185507e+04 4.369233318088105634e-23
4.692211376447391376e+04 3.784376088934368405e-23
4.715672433329628257e+04 4.440101284943442368e-23
4.739250795496275532e+04 4.696717254958649335e-23
4.762947049473755760e+04 4.641328528015752767e-23
4.786761784721125150e+04 4.696662617380791180e-23
4.810695593644729524e+04 3.850017675265284942e-23
4.834749071612952685e+04 2.929255647559966140e-23
4.858922816971017164e+04 3.911102960044485671e-23
4.883217431055870838e+04 5.046084746454926398e-23
4.907633518211150658e+04 5.489721456377212204e-23
4.932171685802205320e+04 6.587558972028737929e-23
4.956832544231215434e+04 6.287297545328533008e-23
4.981616706952371896e+04 6.249536399464403486e-23
5.006524790487132123e+04 6.376316936119816677e-23
5.031557414439567947e+04 6.227823077439377462e-23
5.056715201511765190e+04 6.241176729306341701e-23
5.081998777519323630e+04 6.033694016809049409e-23
5.107408771406920278e+04 6.587808435584933666e-23
5.132945815263954864e+04 5.561138708453882864e-23
5.158610544340273918e+04 5.980154601915863044e-23
5.184403597061974142e+04 5.559288310657618871e-23
5.210325615047284373e+04 7.821145536660465817e-23
5.236377243122521031e+04 6.270352719136182924e-23
5.262559129338132334e+04 6.794621528517237622e-23
5.288871924984821817e+04 9.136238785509770116e-23
5.315316284609744616e+04 8.253239230569639757e-23
5.341892866032793245e+04 7.803271586712942554e-23
5.368602330362956127e+04 9.241526615475539155e-23
5.395445342014769994e+04 7.264129817973418720e-23
5.422422568724843586e+04 7.451953661649215302e-23
5.449534681568467204e+04 7.661046714262743226e-23
5.476782354976308852e+04 6.378849300851322769e-23
5.504166266751188959e+04 7.163189126118067525e-23
5.531687098084944591e+04 5.654111523981429061e-23
5.559345533575368609e+04 4.644969537481442372e-23
5.587142261243244866e+04 5.584783197216257582e-23
5.615077972549461265e+04 5.039939252565237215e-23
5.643153362412207935e+04 4.025010299163675733e-23
5.671369129224268545e+04 4.140140197308482474e-23
5.699725974870388745e+04 2.097023092500996585e-23
5.728224604744739918e+04 2.736943591192787741e-23
5.756865727768462966e+04 5.644752423073697498e-23
5.785650056407305965e+04 7.577623997655395986e-23
5.814578306689341844e+04 8.603826626903837639e-23
5.843651198222787934e+04 1.023674189064233629e-22
5.872869454213901918e+04 1.206738022117121109e-22
5.902233801484970900e+04 1.482989742582468658e-22
5.931744970492395805e+04 2.435873648496031513e-22
5.961403695344855805e+04 1.680685204901071218e-22
5.991210713821579702e+04 3.820944206347826539e-22
6.021166767390686437e+04 3.728972125504900188e-22
6.051272601227639825e+04 4.192302303566552838e-22
6.081528964233777515e+04 5.713882829766093040e-22
6.111936609054946166e+04 7.670446763938618621e-22
6.142496292100221035e+04 7.872878042427244063e-22
6.173208773560720874e+04 4.228443443533419279e-22
6.204074817428523966e+04 7.913802442310075329e-22
6.235095191515666374e+04 9.982386851317402182e-22
6.266270667473244248e+04 1.144159361705192574e-21
6.297602020810609247e+04 1.052356570513702297e-21
6.329090030914660747e+04 1.310832893856116990e-21
6.360735481069234083e+04 1.110155408428092051e-21
6.392539158474579745e+04 1.026182061741137314e-21
6.424501854266950977e+04 1.141209977135121710e-21
6.456624363538285979e+04 1.024707859958433644e-21
6.488907485355975950e+04 1.190303510879275177e-21
6.521352022782755375e+04 1.188786628028593399e-21
6.553958782896668708e+04 1.311624963440244122e-21
6.586728576811152743e+04 1.194432367279874982e-21
6.619662219695207023e+04 1.133950836610583867e-21
6.652760530793681392e+04 1.306398269790266125e-21
6.686024333447648678e+04 1.114163552221821692e-21
6.719454455114886514e+04 1.385265365202460979e-21
6.753051727390461019e+04 1.337290697548679980e-21
6.786816986027412349e+04 1.413020144951165101e-21
6.820751070957549382e+04 1.406629562916037688e-21
6.854854826312336081e+04 1.751842988584124450e-21
6.889129100443897187e+04 1.750770173478047459e-21
6.923574745946115581e+04 1.707513211464464211e-21
6.958192619675844617e+04 1.478017143506238095e-21
6.992983582774223760e+04 1.731744947623737343e-21
7.027948500688094646e+04 1.770991680479407537e-21
7.063088243191533547e+04 1.625313958141229771e-21
7.098403684407490073e+04 1.876632550811277732e-21
7.133895702829527727e+04 1.617440607519226371e-21
7.169565181343673612e+04 2.393560700098225597e-21
7.205413007250391820e+04 1.951398709580810611e-21
7.241440072286642680e+04 6.493724060997882391e-22
7.277647272648075887e+04 1.936871482449907948e-21
7.314035509011315298e+04 1.940954332255139673e-21
7.350605686556371802e+04 1.040514385085637993e-21
7.387358714989152213e+04 9.348232016641130709e-22
7.424295508564097690e+04 2.368266795117544377e-21
7.461416986106916738e+04 3.956049493534834074e-21
7.498724071037450631e+04 2.787091405629845102e-21
7.536217691392636334e+04 3.178905217596485271e-21
7.573898779849598941e+04 4.018625546654201352e-21
7.611768273748847423e+04 3.860585057008799691e-21
7.649827115117589710e+04 3.447011643729546824e-21
7.688076250693177280e+04 3.365289512153486013e-21
7.726516631946641428e+04 3.405632067638343212e-21
7.765149215106373595e+04 3.794622011774745198e-21
7.803974961181904655e+04 3.933616013756006811e-21
7.842994835987813713e+04 3.792915658751679613e-21
7.882209810167751857e+04 3.861748432303222261e-21
7.921620859218589612e+04 5.921969808997311931e-21
7.961228963514682255e+04 6.085487641121779230e-21
8.001035108332254458e+04 3.696802382349157588e-21
8.041040283873915905e+04 3.785684141608994947e-21
8.081245485293283127e+04 7.286804816005847994e-21
8.121651712719749776e+04 7.493012045209654127e-21
8.162259971283347113e+04 8.646405186986122215e-21
8.203071271139763121e+04 9.100724021874061763e-21
8.244086627495460561e+04 8.892111662860336019e-21
8.285307060632936191e+04 1.044074413534780405e-20
8.326733595936100755e+04 9.618940473973144796e-21
8.368367263915781223e+04 9.209980770235864544e-21
8.410209100235358346e+04 1.102728919267613355e-20
8.452260145736536651e+04 1.036510581933104405e-20
8.494521446465217741e+04 9.991081350330760721e-21
8.536994053697542404e+04 5.018299923124878765e-21
8.579679023966030218e+04 9.444832829888143301e-21
8.622577419085858855e+04 9.201283565406741586e-21
8.665690306181285996e+04 1.069526604829923095e-20
8.709018757712190563e+04 8.022811160136331747e-21
8.752563851500752207e+04 6.781553912681487491e-21
8.796326670758253022e+04 9.597196750651541864e-21
8.840308304112043697e+04 1.009335458886912608e-20
8.884509845632602810e+04 8.503020974415197951e-21
8.928932394860764907e+04 9.556473330760756655e-21
8.973577056835069379e+04 9.438319113882501033e-21
9.018444942119241750e+04 9.320878060108746702e-21
9.063537166829837952e+04 9.476916726265348959e-21
9.108854852663986094e+04 8.302848929603088961e-21
9.154399126927304314e+04 5.105597926798564114e-21
9.200171122561939410e+04 9.660422365880757083e-21
9.246171978174749529e+04 1.030550528166041622e-20
9.292402838065622200e+04 1.052924102506754651e-20
9.338864852255949518e+04 1.047464944783777999e-20
9.385559176517228479e+04 9.090715650428780647e-21
9.432486972399812657e+04 9.766668744411368403e-21
9.479649407261810848e+04 9.357194901048250339e-21
9.527047654298119596e+04 7.419651253987270979e-21
9.574682892569608521e+04 8.086020266985594404e-21
9.622556307032455516e+04 7.632908036156687571e-21
9.670669088567615836e+04 9.427340407348745973e-21
9.719022434010454162e+04 8.101164313176337775e-21
9.767617546180504723e+04 6.913342551144804693e-21
9.816455633911406039e+04 8.860951539999225255e-21
9.865537912080963724e+04 9.271427138602302515e-21
9.914865601641366084e+04 8.364311484663034914e-21
9.964439929649571422e+04 7.186457383022121446e-21
1.001426212929781759e+05 1.102512082137253486e-20
1.006433343994430616e+05 7.835140355022039668e-21
1.011465510714402626e+05 9.931018805424086562e-21
1.016522838267974730e+05 9.227445755754609547e-21
1.021605452459314256e+05 8.753637992838634574e-21
1.026713479721610784e+05 6.888424779459826267e-21
1.031847047120218922e+05 8.193677640677154383e-21
1.037006282355819858e+05 1.083425673042709872e-20
1.042191313767598913e+05 7.818254104432060397e-21
1.047402270336436777e+05 7.408089928776079251e-21
1.052639281688118645e+05 8.215123246282100285e-21
1.057902478096559207e+05 1.085115552771510488e-20
1.063191990487041912e+05 6.941364358456933444e-21
1.068507950439476990e+05 9.799049666530801871e-21
1.073850490191674035e+05 1.068935841392204571e-20
1.079219742642632336e+05 1.059320484269777163e-20
1.084615841355845041e+05 9.753415628839559054e-21
1.090038920562624262e+05 9.312309166357847227e-21
1.095489115165437252e+05 1.005875312101684784e-20
1.100966560741264257e+05 8.291203347579823495e-21
1.106471393544970488e+05 7.380656716328251416e-21
1.112003750512695260e+05 8.805800089082705286e-21
1.117563769265258452e+05 7.101383377622212559e-21
1.123151588111584715e+05 1.148075488700921263e-20
1.128767346052142675e+05 6.281970033724264141e-21
1.134411182782403193e+05 9.727211732152810333e-21
1.140083238696315093e+05 5.409972186969669532e-21
1.145783654889796453e+05 1.135507974814577214e-20
1.151512573164245405e+05 9.969317529231238039e-21
1.157270136030066642e+05 9.098698860707918540e-21
1.163056486710216850e+05 8.690814304118445763e-21
1.168871769143767742e+05 1.159925458587003124e-20
1.174716127989486558e+05 1.040676521463785210e-20
1.180589708629433881e+05 1.146254295050729811e-20
1.186492657172580948e+05 8.017693590458701584e-21
1.192425120458443707e+05 8.957326863607163168e-21
1.198387246060735779e+05 6.695775170565958316e-21
1.204379182291039324e+05 5.723317406059853052e-21
1.210401078202494245e+05 7.396632984367132115e-21
1.216453083593506744e+05 1.261991837429326919e-20
1.222535349011473882e+05 1.340030388907465703e-20
1.228648025756531279e+05 1.163703197039498171e-20
1.234791265885313624e+05 6.218098231485631627e-21
1.240965222214740206e+05 1.262010743701798528e-20
1.247170048325813696e+05 2.405286057356809728e-20
1.253405898567442637e+05 2.414593479763808955e-20
1.259672928060279810e+05 1.470888343416934122e-20
1.265971292700580962e+05 1.954664191537023902e-20
1.272301149164083763e+05 1.610322704178217785e-20
1.278662654909904086e+05 1.866700542951550094e-20
1.285055968184453523e+05 1.701629480232721709e-20
1.291481248025375680e+05 1.719669951849113559e-20
1.297938654265502410e+05 1.076585843841285845e-20
1.304428347536829824e+05 1.771070533871950407e-20
1.310950489274513966e+05 1.883036013744858529e-20
1.317505241720886552e+05 1.477558892138238311e-20
1.324092767929490656e+05 2.605285882649630967e-21
1.330713231769137783e+05 1.985121420053135646e-20
1.337366797927983571e+05 1.869602547794713942e-20
1.344053631917623570e+05 2.057308664276685336e-20
1.350773900077211438e+05 2.411552900464503571e-20
1.357527769577597501e+05 1.965990152960155133e-20
1.364315408425485366e+05 2.155113452345775823e-20
1.371136985467612685e+05 2.545255480094934784e-20
1.377992670394950546e+05 2.608856746547929070e-20
1.384882633746925276e+05 2.759968529206993788e-20
1.391807046915659739e+05 2.790017291345020718e-20
1.398766082150237926e+05 2.764627226146278244e-20
1.405759912560989032e+05 2.441632386947770223e-20
1.412788712123793666e+05 3.051979505632254489e-20
1.419852655684412748e+05 3.139953258785557287e-20
1.426951918962834461e+05 1.746577963667804960e-20
1.434086678557648556e+05 3.314270533806431041e-20
1.441257111950436665e+05 2.800947580227404242e-20
1.448463397510188515e+05 2.359610850443625203e-20
1.455705714497739391e+05 2.882901898684917586e-20
1.462984243070227967e+05 2.236258214577962324e-20
1.470299164285578881e+05 3.373566733324689812e-20
1.477650660107006552e+05 3.164809597506168317e-20
1.485038913407541695e+05 2.430629143285308405e-20
1.492464107974579092e+05 2.207530768331640848e-20
1.499926428514451836e+05 3.130328488191387725e-20
1.507426060657023918e+05 2.610803264854618320e-20
1.514963190960309003e+05 3.463130526100190570e-20
1.522538006915110454e+05 3.072345891393307092e-20
1.530150696949685807e+05 2.419014232685618190e-20
1.537801450434434228e+05 3.510000639424472537e-20
1.545490457686606096e+05 2.956647463031814701e-20
1.553217909975039074e+05 3.151434648537240988e-20
1.560983999524913961e+05 3.729227268167974993e-20
1.568788919522538199e+05 3.569817454959657855e-20
1.576632864120150916e+05 3.228027244586017147e-20
1.584516028440751834e+05 3.433598355723218837e-20
1.592438608582955203e+05 2.978939133116344717e-20
1.600400801625869644e+05 2.907637283581105244e-20
1.608402805633998942e+05 3.233513180717263617e-20
1.616444819662168738e+05 3.659918732545127063e-20
1.624527043760479428e+05 3.600727097838480408e-20
1.632649678979281161e+05 4.010624006682423174e-20
1.640812927374177380e+05 3.534969497054236156e-20
1.649016992011048133e+05 3.018678616162618542e-20
1.657262076971103379e+05 3.703770830026728324e-20
1.665548387355958403e+05 3.159185093453830751e-20
1.673876129292738042e+05 3.642947471418746267e-20
1.682245509939201293e+05 3.637630291778954478e-20
1.690656737488897052e+05 3.415152661970972457e-20
1.699110021176341688e+05 3.834898816149105141e-20
1.707605571282223100e+05 3.525904052238736924e-20
1.716143599138634163e+05 3.227802477688059979e-20
1.724724317134327139e+05 3.601246538251045209e-20
1.733347938719998638e+05 3.726313878453959803e-20
1.742014678413598449e+05 3.499624407395599920e-20
1.750724751805666019e+05 3.468879116952711577e-20
1.759478375564694288e+05 4.350676304687424154e-20
1.768275767442517390e+05 4.755789180555801929e-20
1.777117146279730077e+05 5.221042583821104673e-20
1.786002732011128392e+05 6.695600174363325191e-20
1.794932745671183802e+05 3.615133588035984349e-20
1.803907409399539756e+05 6.926689800764626259e-20
1.812926946446537040e+05 3.587534826511520599e-20
1.821991581178769702e+05 7.259459966765117254e-20
1.831101539084663382e+05 7.255093328388180755e-20
1.840257046780086239e+05 5.753833965941744095e-20
1.849458332013986656e+05 8.015541048801546044e-20
1.858705623674056260e+05 2.963732946540728077e-20
1.867999151792426419e+05 7.805575479837549396e-20
1.877339147551388305e+05 4.742967485793275318e-20
1.886725843289144977e+05 9.031298112667111829e-20
1.896159472505590820e+05 9.536149078585021843e-20
1.905640269868118339e+05 9.020875709502747471e-20
1.915168471217458718e+05 9.204477623280563702e-20
1.924744313573545951e+05 9.312366291620188065e-20
1.934368035141413275e+05 7.346593147414268857e-20
1.944039875317120168e+05 8.706065544251597683e-20
1.953760074693705537e+05 9.581435926265807286e-20
1.963528875067173794e+05 9.103807993767583417e-20
1.973346519442509743e+05 8.888315094859103685e-20
1.983213252039721992e+05 8.848196972103896856e-20
1.993129318299920124e+05 1.022737281732553454e-19
2.003094964891419513e+05 9.715728287770151764e-20
2.013110439715876419e+05 9.279443149705521648e-20
2.023175991914455662e+05 9.591213001212365735e-20
2.033291871874028002e+05 8.524157028592558529e-20
2.043458331233397475e+05 7.358459033758543059e-20
2.053675622889564838e+05 7.867282211059822672e-20
2.063944001004012534e+05 9.499980284952569843e-20
2.074263721009032452e+05 9.610466890706351691e-20
2.084635039614077541e+05 1.061356898058078203e-19
2.095058214812147780e+05 9.364287573493214943e-20
2.105533505886208150e+05 9.670867418788479141e-20
2.116061173415639205e+05 1.019605241150026894e-19
2.126641479282717046e+05 1.029347027749358032e-19
2.137274686679130245e+05 1.023595015628163041e-19
2.147961060112525302e+05 1.038985062567249084e-19
2.158700865413087886e+05 1.087519151248871730e-19
2.169494369740152906e+05 1.015296567362726970e-19
2.180341841588853276e+05 1.080125982877581127e-19
2.191243550796796917e+05 1.037366375220052528e-19
2.202199768550781300e+05 1.074227212192451431e-19
2.213210767393534479e+05 1.060673422180264173e-19
2.224276821230502101e+05 9.951193944813591982e-20
2.235398205336654501e+05 1.019488006225835532e-19
2.246575196363337454e+05 1.031652914420438799e-19
2.257808072345154069e+05 1.073221273674223561e-19
2.269097112706879561e+05 1.084496742921745169e-19
2.280442598270413873e+05 1.044012859891542545e-19
2.291844811261765426e+05 9.080346544371578531e-20
2.303304035318074166e+05 9.072523075221964033e-20
2.314820555494664295e+05 1.016518112111952682e-19
2.326394658272137167e+05 9.688625125296075300e-20
2.338026631563497649e+05 1.083554821094088664e-19
2.349716764721315121e+05 1.086823437088128070e-19
2.361465348544921144e+05 1.018754784881870923e-19
2.373272675287645543e+05 1.013285271877183046e-19
2.385139038664083637e+05 9.825570498083903022e-20
2.397064733857403917e+05 1.012553198516820015e-19
2.409050057526690944e+05 9.431781457044290001e-20
2.421095307814324042e+05 9.570772732872507223e-20
2.433200784353395284e+05 9.831441675626526189e-20
2.445366788275162107e+05 1.008695026452215087e-19
2.457593622216537478e+05 9.986386417401408694e-20
2.469881590327620215e+05 9.365726669713979712e-20
2.482230998279257619e+05 9.878159333663306981e-20
2.494642153270653507e+05 9.948807350576142503e-20
2.507115364037006511e+05 1.038851868221682977e-19
2.519650940857191454e+05 1.028072240148012968e-19
2.532249195561476809e+05 1.075078078520601179e-19
2.544910441539284075e+05 1.046142712495665771e-19
2.557634993746980326e+05 1.012396284984097108e-19
2.570423168715715001e+05 1.070703983350262622e-19
2.583275284559293068e+05 1.037724494139874065e-19
2.596191660982089525e+05 1.022698258954228709e-19
2.609172619286999688e+05 1.039866312099515558e-19
2.622218482383434311e+05 1.056304157510992191e-19
2.635329574795351364e+05 1.030255228009562106e-19
2.648506222669327399e+05 1.057962747910691669e-19
2.661748753782673739e+05 1.019154552387885131e-19
2.675057497551586712e+05 9.694683158197905775e-20
2.688432785039344453e+05 1.028305256756246758e-19
2.701874948964540963e+05 1.038505569505826737e-19
2.715384323709363234e+05 1.006254898818527274e-19
2.728961245327909710e+05 1.037141616027983012e-19
2.742606051554548903e+05 1.012475136518184478e-19
2.756319081812321092e+05 1.031561833857473655e-19
2.770100677221382502e+05 1.022113862165377615e-19
2.783951180607489077e+05 9.454744479768680905e-20
2.797870936510526226e+05 1.012480192126478638e-19
2.811860291193078156e+05 1.002618874793096041e-19
2.825919592649043188e+05 1.018235483693027520e-19
2.840049190612288075e+05 1.005611208106492491e-19
2.854249436565349461e+05 1.014293139754493792e-19
2.868520683748175506e+05 1.041966109988866990e-19
2.882863287166916998e+05 9.347252257755180769e-20
2.897277603602751042e+05 1.016713747276457657e-19
2.911763991620764718e+05 9.315227156508172659e-20
2.926322811578867841e+05 9.996378334720521421e-20
2.940954425636761589e+05 9.825235001212837601e-20
2.955659197764944984e+05 9.245896221290794358e-20
2.970437493753769668e+05 1.004871327789268044e-19
2.985289681222538347e+05 9.345547708904488475e-20
3.000216129628650961e+05 9.766756299200686301e-20
3.015217210276793339e+05 9.715499488316934401e-20
3.030293296328177094e+05 9.591804138792651807e-20
3.045444762809817330e+05 9.911828107323509079e-20
3.060671986623865669e+05 9.733662496269619273e-20
3.075975346556985169e+05 9.575517524021066607e-20
3.091355223289770074e+05 9.087699232788867514e-20
3.106811999406218529e+05 8.931038681604116213e-20
3.122346059403248946e+05 9.107165844009097455e-20
3.137957789700265275e+05 9.286996965072955953e-20
3.153647578648766503e+05 9.370215363739859563e-20
3.169415816542010289e+05 9.308860586754029332e-20
3.185262895624719677e+05 9.184155838807294984e-20
3.201189210102842771e+05 9.449647529382063053e-20
3.217195156153356656e+05 9.235162461965048814e-20
3.233281131934123114e+05 9.194229620143704566e-20
3.249447537593793240e+05 9.319333391024670449e-20
3.265694775281762122e+05 9.124789529075819880e-20
3.282023249158170656e+05 9.157588984396573026e-20
3.298433365403960925e+05 9.215577829815103980e-20
3.314925532230980461e+05 8.706992825651677556e-20
3.331500159892135998e+05 8.954182773247032472e-20
3.348157660691596102e+05 8.786457640503664784e-20
3.364898448995053186e+05 8.789597655322635365e-20
3.381722941240028013e+05 9.049093881742042739e-20
3.398631555946228327e+05 8.847451573136031961e-20
3.415624713725958718e+05 9.150495809200134244e-20
3.432702837294588098e+05 9.214421941891937627e-20
3.449866351481060847e+05 9.021487404484712300e-20
3.467115683238465572e+05 9.165338187342077893e-20
3.484451261654658010e+05 9.344331372507000189e-20
3.501873517962929909e+05 9.106427107598561237e-20
3.519382885552744847e+05 9.284084487758332174e-20
3.536979799980507814e+05 9.348127099489902827e-20
3.554664698980410467e+05 9.266948037443015630e-20
3.572438022475311882e+05 9.236775267448393816e-20
3.590300212587688584e+05 9.297590052969748645e-20
3.608251713650626480e+05 9.121426098479478889e-20
3.626292972218879149e+05 9.102976463807661291e-20
3.644424437079973286e+05 8.837564542423496063e-20
3.662646559265372343e+05 8.963715399166650190e-20
3.680959792061698390e+05 8.974165820095071050e-20
3.699364591022006935e+05 8.757195011493445587e-20
3.717861413977115881e+05 8.849091928476287083e-20
3.736450721047001425e+05 8.565332618421922472e-20
3.755132974652236444e+05 8.507553715177690679e-20
3.773908639525496983e+05 8.678020133829948301e-20
3.792778182723123464e+05 8.581663881828410485e-20
3.811742073636739515e+05 8.520269748903354562e-20
3.830800784004922607e+05 8.599185959288875229e-20
3.849954787924946868e+05 8.412142641233284374e-20
3.869204561864570715e+05 8.489403302845967366e-20
3.888550584673893172e+05 7.816329142330097244e-20
3.907993337597261998e+05 8.402854907321026297e-20
3.927533304285247577e+05 8.479909847970555390e-20
3.947170970806673868e+05 8.523600714111158414e-20
3.966906825660705799e+05 8.421276527439589461e-20
3.986741359789009439e+05 8.223839248550139389e-20
4.006675066587954061e+05 8.519204080686278875e-20
4.026708441920893383e+05 8.511596032269196054e-20
4.046841984130496858e+05 8.520565306281225776e-20
4.067076194051149068e+05 8.138935505063681670e-20
4.087411575021405006e+05 8.062224603286749718e-20
4.107848632896511117e+05 8.208666923590403493e-20
4.128387876060992712e+05 8.070130838692001374e-20
4.149029815441297833e+05 8.345459045241258802e-20
4.169774964518503984e+05 8.251543863372463086e-20
4.190623839341095299e+05 7.610021684253888128e-20
4.211576958537800820e+05 8.186886789599485233e-20
4.232634843330489239e+05 8.177878044178996483e-20
4.253798017547140480e+05 7.616340663385222578e-20
4.275067007634876063e+05 8.271338859699374627e-20
4.296442342673050007e+05 8.184740177525392188e-20
4.317924554386415402e+05 8.384296242111372020e-20
4.339514177158346865e+05 8.359514572178555059e-20
4.361211748044138076e+05 7.399467160441411539e-20
4.383017806784358108e+05 7.964699739118098210e-20
4.404932895818279940e+05 8.006137311006110539e-20
4.426957560297370073e+05 7.937210895952270988e-20
4.449092348098857328e+05 7.889844502311015963e-20
4.471337809839351103e+05 7.970024164342818499e-20
4.493694498888548114e+05 7.838357207134044608e-20
4.516162971382990363e+05 7.533113433159904290e-20
4.538743786239904002e+05 7.906486490683153912e-20
4.561437505171103403e+05 7.814638461267775985e-20
4.584244692696958082e+05 7.836609767382629798e-20
4.607165916160442866e+05 7.652896377589052629e-20
4.630201745741244522e+05 7.745483452255569967e-20
4.653352754469949869e+05 7.778592596322600324e-20
4.676619518242299091e+05 7.717912998307922323e-20
4.700002615833510063e+05 7.788264716393229592e-20
4.723502628912677174e+05 7.706932470171691180e-20
4.747120142057240591e+05 7.540248137971174427e-20
4.770855742767526535e+05 7.590247698545402741e-20
4.794710021481363801e+05 7.670878873515801789e-20
4.818683571588769555e+05 7.633390779059726329e-20
4.842776989446713706e+05 7.763550770218711328e-20
4.866990874393946724e+05 7.856897909292003528e-20
4.891325828765915940e+05 7.815325617310652317e-20
4.915782457909744699e+05 7.697916126701940734e-20
4.940361370199293597e+05 7.654362118636442408e-20
4.965063177050289814e+05 7.494816870513421946e-20
4.989888492935540853e+05 7.333668051501166540e-20
5.014837935400218121e+05 7.287697074737777013e-20
5.039912125077218516e+05 7.181444353988647927e-20
5.065111685702603427e+05 7.311193707638116973e-20
5.090437244131116313e+05 7.356828887599990272e-20
5.115889430351771298e+05 7.190788339865540143e-20
5.141468877503529657e+05 7.026605308867069084e-20
5.167176221891046735e+05 6.841500731379073220e-20
5.193012103000500938e+05 6.751735590345937279e-20
5.218977163515503053e+05 6.726312103385669412e-20
5.245072049333080649e+05 6.712592998770356478e-20
5.271297409579744563e+05 6.770849836827102103e-20
5.297653896627643844e+05 6.802165648192847919e-20
5.324142166110781254e+05 6.748295255165476664e-20
5.350762876941334689e+05 6.684570282157851996e-20
5.377516691326040309e+05 6.646961367307975270e-20
5.404404274782671127e+05 6.585905101768807802e-20
5.431426296156584285e+05 6.783758726797357964e-20
5.458583427637366112e+05 6.770550685823038882e-20
5.485876344775551697e+05 6.734977589620061821e-20
5.513305726499429438e+05 6.617244706419356745e-20
5.540872255131925922e+05 6.521760239478497945e-20
5.568576616407583933e+05 6.401821778209129331e-20
5.596419499489621958e+05 6.277459634786761387e-20
5.624401596987070516e+05 6.273595714285220079e-20
5.652523604972003959e+05 6.046592834966159516e-20
5.680786222996863071e+05 6.276712559434198708e-20
5.709190154111847514e+05 6.068877236831606399e-20
5.737736104882406071e+05 6.245298160014624687e-20
5.766424785406816518e+05 6.318538761887145051e-20
5.795256909333851654e+05 6.230858314318610185e-20
5.824233193880519830e+05 6.108774438990863098e-20
5.853354359849921893e+05 6.157108433000557034e-20
5.882621131649169838e+05 5.939141269713878503e-20
5.912034237307414878e+05 5.934391195518590740e-20
5.941594408493951196e+05 5.874645367220318290e-20
5.971302380536419805e+05 5.922966165101845483e-20
6.001158892439102056e+05 5.912284290896917361e-20
6.031164686901296955e+05 5.849203698138188531e-20
6.061320510335803265e+05 5.619902060548282139e-20
6.091627112887480762e+05 5.827183383439207258e-20
6.122085248451918596e+05 5.837050326324973428e-20
6.152695674694176996e+05 5.899567789648369841e-20
6.183459153067647712e+05 5.786999462053629909e-20
6.214376448832985479e+05 5.730160425254380629e-20
6.245448331077148905e+05 5.710170227696904286e-20
6.276675572732534492e+05 5.579801219310601606e-20
6.308058950596196810e+05 5.528103011605649036e-20
6.339599245349176927e+05 5.632744250327571554e-20
6.371297241575921653e+05 5.622860397844109823e-20
6.403153727783800568e+05 5.498812330654164803e-20
6.435169496422718512e+05 5.371311929229813737e-20
6.467345343904831680e+05 5.463604368010700985e-20
6.499682070624355692e+05 5.431201804616403294e-20
6.532180480977476109e+05 5.462805832966398358e-20
6.564841383382363711e+05 5.324983733563278544e-20
6.597665590299274772e+05 5.060676869512977717e-20
6.630653918250768911e+05 5.087924229423161007e-20
6.663807187842023559e+05 4.871824733000882243e-20
6.697126223781232256e+05 4.887672653008591015e-20
6.730611854900137987e+05 4.992854778698434675e-20
6.764264914174638689e+05 4.948413078764588635e-20
6.798086238745511509e+05 5.071885409966413351e-20
6.832076669939237181e+05 4.894327922192463548e-20
6.866237053288932657e+05 4.805811530599270479e-20
6.900568238555374555e+05 4.894107013681776783e-20
6.935071079748151824e+05 4.696045322046176350e-20
6.969746435146892909e+05 4.697725578081052549e-20
7.004595167322625639e+05 4.842958542312307053e-20
7.039618143159238389e+05 4.813136302541070780e-20
7.074816233875033213e+05 4.896598043484866622e-20
7.110190315044408198e+05 4.785927606033330238e-20
7.145741266619629459e+05 4.708205628199575401e-20
7.181469972952727694e+05 5.011527393070652113e-20
7.217377322817489039e+05 4.987649604673509345e-20
7.253464209431577474e+05 4.797518104601189873e-20
7.289731530478734057e+05 4.849714348488169352e-20
7.326180188131127506e+05 4.775945546217437087e-20
7.362811089071781607e+05 4.634574899012730316e-20
7.399625144517139997e+05 4.737276773525080824e-20
7.436623270239725243e+05 4.680223892927221396e-20
7.473806386590923648e+05 4.450633056105793100e-20
7.511175418523878325e+05 4.679010814221151084e-20
7.548731295616495190e+05 4.647007438771305520e-20
7.586474952094577020e+05 4.590876406988686269e-20
7.624407326855049469e+05 4.629968591934548415e-20
7.662529363489324460e+05 4.491605059805607761e-20
7.700842010306769516e+05 4.663463471297167721e-20
7.739346220358302817e+05 4.706263038186473525e-20
7.778042951460094191e+05 4.640797255738983869e-20
7.816933166217391845e+05 4.563567194415953654e-20
7.856017832048477139e+05 4.534524413455590372e-20
7.895297921208720654e+05 4.813525125424745605e-20
7.934774410814762814e+05 4.583332040349718583e-20
7.974448282868835377e+05 4.651285788910627296e-20
8.014320524283178383e+05 4.717659430534503473e-20
8.054392126904593315e+05 4.667963356558274615e-20
8.094664087539117318e+05 4.757467782646346101e-20
8.135137407976810355e+05 4.600877131682248770e-20
8.175813095016694861e+05 4.549077189813329734e-20
8.216692160491778050e+05 4.549655355910845750e-20
8.257775621294236043e+05 4.439150499470148393e-20
8.299064499400706263e+05 4.602943366536992542e-20
8.340559821897707880e+05 4.355495308926916332e-20
8.382262621007194975e+05 4.197416238017729509e-20
8.424173934112230781e+05 4.351442201702695816e-20
8.466294803782787640e+05 3.812463349621601825e-20
8.508626277801701799e+05 4.108950588036656166e-20
8.551169409190709703e+05 4.046086251015931303e-20
8.593925256236661226e+05 3.933272785331817028e-20
8.636894882517843507e+05 3.582360221844686471e-20
8.680079356930430513e+05 3.434026287046277158e-20
8.723479753715081606e+05 3.866217129724750950e-20
8.767097152483656537e+05 3.731572548476652778e-20
8.810932638246074785e+05 3.517505421020568681e-20
8.854987301437302958e+05 3.410933955033769957e-20
8.899262237944487715e+05 3.410872667586378891e-20
8.943758549134210916e+05 3.284478953417330287e-20
8.988477341879880987e+05 3.651907525598368861e-20
9.033419728589279111e+05 3.474002569630534633e-20
9.078586827232225332e+05 3.466261151376100383e-20
9.123979761368385516e+05 3.651833577680876530e-20
9.169599660175228491e+05 3.263317567769054279e-20
9.215447658476103097e+05 3.292456449551570776e-20
9.261524896768481703e+05 3.435609937074810426e-20
9.307832521252323641e+05 3.416104756434152256e-20
9.354371683858584147e+05 3.017385184943187774e-20
9.401143542277876986e+05 3.211489802966438032e-20
9.448149259989263956e+05 3.053636139400352401e-20
9.495390006289209705e+05 3.335180797793898144e-20
9.542866956320654135e+05 3.295109068643516637e-20
9.590581291102254763e+05 3.041420311807184983e-20
9.638534197557765292e+05 2.880698489160741781e-20
9.686726868545553880e+05 2.938114126567366786e-20
9.735160502888279734e+05 2.812316190104125803e-20
9.783836305402719881e+05 2.815672523821070698e-20
9.832755486929732142e+05 2.933480344214743021e-20
9.881919264364379924e+05 2.985282528761216136e-20
9.931328860686201369e+05 2.857686081667143969e-20
9.980985504989629844e+05 2.846805852841941159e-20
1.003089043251457741e+06 2.822997245595726603e-20
1.008104488467714982e+06 2.819011816801943356e-20
1.013145010910053388e+06 2.686238769206345636e-20
1.018210735964603489e+06 2.726485182413529368e-20
1.023301789644426433e+06 2.639369344855410382e-20
1.028418298592648469e+06 2.547902651580839423e-20
1.033560390085611609e+06 2.476845115925000176e-20
1.038728192036039429e+06 2.344953881720142132e-20
1.043921832996219629e+06 2.267961795975120421e-20
1.049141442161200568e+06 2.353908381494848029e-20
1.054387149372006534e+06 2.412331443517263537e-20
1.059659085118866293e+06 2.420965593141807157e-20
1.064957380544460379e+06 2.273236651256908616e-20
1.070282167447182816e+06 2.245917208459762491e-20
1.075633578284418443e+06 2.245758762414544166e-20
1.081011746175840497e+06 2.134617083793846193e-20
1.086416804906719830e+06 2.148278603629238507e-20
1.091848888931253226e+06 2.403450762681105093e-20
1.097308133375909412e+06 2.013598916775339093e-20
1.102794674042788800e+06 2.343102304618433957e-20
1.108308647413002560e+06 2.074025924370590864e-20
1.113850190650067525e+06 1.945690451349079419e-20
1.119419441603317624e+06 2.121050484996669219e-20
1.125016538811334176e+06 1.890350970583645222e-20
1.130641621505390853e+06 2.025690293401178881e-20
1.136294829612917500e+06 1.888188376657934422e-20
1.141976303760981886e+06 1.567219580176273428e-20
1.147686185279786820e+06 1.550866912795530419e-20
1.153424616206185659e+06 1.509895946513030148e-20
1.159191739287216449e+06 1.383735860112556657e-20
1.164987697983652353e+06 1.344156489410086067e-20
1.170812636473570485e+06 1.207559647971847497e-20
1.176666699655938195e+06 1.120648543803025432e-20
1.182550033154217759e+06 1.113673265352720604e-20
1.188462783319988754e+06 1.057528908231591958e-20
1.194405097236588597e+06 1.082080527170042652e-20
1.200377122722771484e+06 1.054317874684228243e-20
1.206379008336385246e+06 1.084793871826443793e-20
1.212410903378067072e+06 1.089608556589974580e-20
1.218472957894957159e+06 1.126922785523722601e-20
1.224565322684431914e+06 1.108722394428152406e-20
1.230688149297853932e+06 1.181810335444167582e-20
1.236841590044342913e+06 1.159258003460321788e-20
1.243025797994564520e+06 1.257471670547072495e-20
1.249240926984537160e+06 1.177489373038115934e-20
1.255487131619459717e+06 1.284525450916988236e-20
1.261764567277556751e+06 1.271348340660649498e-20
1.268073390113944421e+06 1.139504260861399491e-20
1.274413757064513862e+06 1.228122713838524435e-20
1.280785825849836459e+06 1.160328159952716922e-20
1.287189754979085410e+06 1.306597725338269230e-20
1.293625703753980808e+06 1.315979344299691585e-20
1.300093832272750558e+06 1.299105357709062533e-20
1.306594301434114110e+06 1.220274857857107121e-20
1.313127272941284347e+06 1.271949097064073921e-20
1.319692909305990906e+06 1.299766836344475561e-20
1.326291373852520715e+06 1.215516836069379160e-20
1.332922830721782986e+06 1.223448981664138118e-20
1.339587444875391899e+06 1.114768320684566270e-20
1.346285382099768845e+06 1.013598777842328118e-20
1.353016809010267723e+06 1.142307877402098513e-20
1.359781893055318855e+06 1.085051924567387946e-20
1.366580802520595258e+06 9.775338314629343775e-21
1.373413706533198245e+06 1.024009332329939997e-20
1.380280775065863971e+06 8.959881650967827135e-21
1.387182178941193037e+06 8.594901850160154889e-21
1.394118089835898718e+06 7.943840730276904316e-21
1.401088680285078241e+06 7.658501307879096212e-21
1.408094123686503386e+06 7.417136340223326364e-21
1.415134594304936007e+06 7.229056474486811292e-21
1.422210267276460305e+06 7.181587930482964016e-21
1.429321318612842588e+06 7.018195180864886316e-21
1.436467925205906853e+06 6.944895230512957634e-21
1.443650264831936220e+06 6.934126582469462645e-21
1.450868516156095779e+06 6.916726733358667637e-21
1.458122858736875933e+06 6.842349812027396417e-21
1.465413473030560184e+06 6.823638259146492035e-21
1.472740540395712946e+06 6.764820917548062689e-21
1.480104243097691331e+06 6.664764186502811958e-21
1.487504764313179534e+06 6.624991246393777023e-21
1.494942288134745322e+06 6.548579400521499010e-21
1.502416999575418886e+06 6.566747290911029765e-21
1.509929084573295433e+06 6.657088755994814395e-21
1.517478729996162001e+06 6.655788983826328139e-21
1.525066123646142660e+06 6.751106911688615936e-21
1.532691454264373053e+06 7.012196808038927454e-21
1.540354911535694730e+06 7.825639622974289858e-21
1.548056686093372991e+06 9.009478032712142574e-21
1.555796969523839653e+06 9.894306892767976549e-21
1.563575954371458851e+06 1.060882431405614009e-20
1.571393834143315908e+06 9.094934786505488340e-21
1.579250803314032499e+06 7.544856449893424351e-21
1.587147057330602314e+06 7.275973449536877192e-21
1.595082792617254891e+06 6.870724777587164092e-21
1.603058206580340862e+06 6.829555330374465681e-21
1.611073497613242362e+06 6.949315823528072552e-21
1.619128865101308329e+06 7.136560064892416539e-21
1.627224509426814504e+06 7.174020984130167268e-21
1.635360631973948563e+06 6.808521860995101236e-21
1.643537435133818304e+06 6.786128289014013875e-21
1.651755122309487546e+06 6.479414672169877506e-21
1.660013897921034601e+06 6.571037127781530554e-21
1.668313967410639860e+06 6.431345136712897111e-21
1.676655537247692700e+06 6.017963183916967664e-21
1.685038814933930989e+06 6.159476227989657515e-21
1.693464009008600377e+06 5.980680711747722240e-21
1.701931329053642927e+06 5.985907807726472047e-21
1.710440985698910896e+06 5.781732238661802780e-21
1.718993190627405420e+06 5.499495292603909423e-21
1.727588156580542214e+06 5.282972529903612965e-21
1.736226097363444511e+06 5.163847359273561074e-21
1.744907227850261843e+06 4.908795221204773613e-21
1.753631763989513041e+06 4.720771242400036662e-21
1.762399922809460200e+06 4.574902774843698801e-21
1.771211922423507553e+06 4.352720351952899326e-21
1.780067982035624795e+06 4.244478763913036789e-21
1.788968321945802774e+06 4.160060136450406890e-21
1.797913163555531763e+06 4.079814241616962817e-21
1.806902729373309063e+06 3.980022335389216877e-21
1.815937243020175723e+06 3.932266547583075521e-21
1.825016929235276300e+06 3.866941822765784423e-21
1.834142013881452847e+06 3.811545611168875773e-21
1.843312723950859625e+06 3.750499188182951004e-21
1.852529287570613669e+06 3.725390720285016786e-21
1.861791934008466545e+06 3.698694127233606956e-21
1.871100893678508932e+06 3.666201659850358571e-21
1.880456398146901047e+06 3.632466385663647925e-21
1.889858680137635441e+06 3.592281412774886899e-21
1.899307973538323306e+06 3.556001415656846021e-21
1.908804513406015001e+06 3.580614712643056903e-21
1.918348535973045044e+06 3.587572256964664358e-21
1.927940278652909677e+06 3.601969889115249683e-21
1.937579980046174023e+06 3.651068021513389625e-21
1.947267879946404602e+06 3.628343854774422891e-21
1.957004219346136320e+06 3.468384998296989345e-21
1.966789240442866925e+06 3.435278027027658824e-21
1.976623186645081267e+06 3.529072524883466631e-21
1.986506302578306291e+06 3.460176158882053045e-21
1.996438834091197699e+06 3.499947922175167039e-21
2.006421028261653148e+06 3.501253396087430911e-21
2.016453133402961539e+06 3.477538973141477103e-21
2.026535399069976062e+06 3.331631251255742434e-21
2.036668076065325644e+06 3.170832558918144584e-21
2.046851416445651790e+06 3.092465171747943437e-21
2.057085673527880106e+06 2.873032817086501356e-21
2.067371101895519299e+06 2.784127643937848691e-21
2.077707957404996501e+06 2.707153686303580374e-21
2.088096497192021459e+06 2.771434192976454586e-21
2.098536979677981697e+06 2.742983591405390646e-21
2.109029664576371200e+06 2.619269517299933019e-21
2.119574812899252865e+06 2.618944653095764637e-21
2.130172686963748652e+06 2.579290305881255607e-21
2.140823550398567226e+06 2.421915907776204910e-21
2.151527668150559999e+06 2.269119389310447960e-21
2.162285306491312105e+06 2.197727598877753642e-21
2.173096733023768291e+06 2.169253562523304699e-21
2.183962216688887216e+06 2.153655080951481873e-21
2.194882027772331145e+06 2.144699813409142857e-21
2.205856437911192421e+06 2.099141482900711500e-21
2.216885720100748353e+06 2.012320545708297140e-21
2.227970148701251950e+06 2.012786762113903358e-21
2.239109999444758520e+06 2.040685423855111191e-21
2.250305549441981595e+06 1.999981102574491810e-21
2.261557077189191245e+06 1.947747863111686709e-21
2.272864862575137056e+06 1.901525352670635385e-21
2.284229186888012104e+06 1.891949280328476665e-21
2.295650332822452299e+06 1.852411174483227812e-21
2.307128584486564156e+06 1.828210683270301884e-21
2.318664227408996783e+06 1.798938720858104891e-21
2.330257548546041828e+06 1.769510544310534241e-21
2.341908836288771592e+06 1.705920293066892624e-21
2.353618380470215343e+06 1.668750171966048234e-21
2.365386472372565884e+06 1.685245056343248628e-21
2.377213404734428506e+06 1.654089590937714432e-21
2.389099471758100670e+06 1.614402115525776791e-21
2.401044969116890803e+06 1.616261023732739745e-21
2.413050193962474819e+06 1.624443100006046988e-21
2.425115444932287093e+06 1.619041132478089597e-21
2.437241022156948224e+06 1.632905883906670016e-21
2.449427227267732844e+06 1.639142754057738480e-21
2.461674363404070958e+06 1.636580836454941068e-21
2.473982735221091192e+06 1.649170795847480375e-21
2.486352648897196166e+06 1.640497274709853218e-21
2.498784412141681649e+06 1.615986792173387318e-21
2.511278334202390164e+06 1.570868153324508977e-21
2.523834725873401854e+06 1.517463761619742749e-21
2.536453899502768647e+06 1.482451887547434616e-21
2.549136169000282418e+06 1.452623430444863082e-21
2.561881849845283665e+06 1.447643553532015098e-21
2.574691259094509762e+06 1.440411786810490645e-21
2.587564715389981866e+06 1.434907899813161107e-21
2.600502538966931403e+06 1.429369870516313607e-21
2.613505051661766134e+06 1.447924174142459348e-21
2.626572576920073945e+06 1.462454227649883317e-21
2.639705439804674126e+06 1.473272174493467379e-21
2.652903967003697529e+06 1.513663975933892830e-21
2.666168486838715617e+06 1.559956424298560189e-21
2.679499329272909090e+06 1.587333437625496700e-21
2.692896825919273309e+06 1.607445735373747773e-21
2.706361310048869345e+06 1.567350208670427674e-21
2.719893116599113680e+06 1.509718446825089647e-21
2.733492582182108890e+06 1.469492196229484506e-21
2.747160045093019027e+06 1.426589588650773329e-21
2.760895845318484120e+06 1.405945179895947844e-21
2.774700324545076117e+06 1.388423185504186664e-21
2.788573826167801395e+06 1.380807000511275846e-21
2.802516695298640057e+06 1.383089900184069839e-21
2.816529278775132727e+06 1.416638243671803765e-21
2.830611925169008318e+06 1.476671679318334294e-21
2.844764984794853255e+06 1.551650405391263948e-21
2.858988809718827251e+06 1.708411739835263181e-21
2.873283753767421003e+06 1.889246373899999400e-21
2.887650172536257654e+06 2.246143776423264466e-21
2.902088423398938961e+06 2.636615906443959469e-21
2.916598865515933372e+06 3.197247679605425438e-21
2.931181859843512531e+06 3.542082167228626180e-21
2.945837769142729696e+06 3.496381497085680674e-21
2.960566957988443319e+06 3.194158693240903823e-21
2.975369792778385337e+06 2.609938023626612843e-21
2.990246641742276959e+06 2.188971654356291528e-21
3.005197874950987753e+06 1.860366672059731686e-21
3.020223864325742237e+06 1.661573426691698322e-21
3.035324983647370711e+06 1.490262920330010224e-21
3.050501608565607574e+06 1.411388977293792544e-21
3.065754116608434822e+06 1.346812709466118961e-21
3.081082887191476766e+06 1.325153599537796302e-21
3.096488301627433859e+06 1.303438896053998901e-21
3.111970743135570548e+06 1.289466717042370979e-21
3.127530596851248294e+06 1.285202983896757138e-21
3.143168249835504219e+06 1.294139720084677943e-21
3.158884091084681451e+06 1.298419850246481718e-21
3.174678511540104635e+06 1.286750371374747647e-21
3.190551904097804800e+06 1.272162701693801072e-21
3.206504663618293591e+06 1.251002429092144261e-21
3.222537186936384533e+06 1.236262836946319865e-21
3.238649872871066444e+06 1.220339738946476950e-21
3.254843122235421091e+06 1.208865007647337368e-21
3.271117337846598588e+06 1.197459429319135042e-21
3.287472924535830971e+06 1.201277081694131074e-21
3.303910289158509579e+06 1.223258712839245888e-21
3.320429840604301542e+06 1.237192903821276840e-21
3.337031989807322621e+06 1.265954438943072943e-21
3.353717149756358936e+06 1.303992646749249908e-21
3.370485735505139921e+06 1.352567329988555450e-21
3.387338164182665758e+06 1.406018991905901459e-21
3.404274855003578588e+06 1.478628277851975420e-21
3.421296229278596584e+06 1.561651674106221569e-21
3.438402710424989462e+06 1.662432463377908973e-21
3.455594723977113608e+06 1.772930851923533579e-21
3.472872697596999351e+06 1.912938599944911354e-21
3.490237061084983405e+06 2.081280126743115422e-21
3.507688246390407905e+06 2.301068703669084738e-21
3.525226687622359488e+06 2.563182721637434514e-21
3.542852821060470771e+06 2.867301505173316062e-21
3.560567085165773053e+06 3.152364049559629851e-21
3.578369920591601171e+06 3.405278117864874757e-21
3.596261770194558892e+06 3.487889657870170004e-21
3.614243079045531340e+06 3.495759100934288699e-21
3.632314294440759346e+06 3.411826872694543973e-21
3.650475865912961774e+06 3.316437855281315592e-21
3.668728245242526289e+06 3.260519903859794326e-21
3.687071886468738317e+06 3.197602144548717785e-21
3.705507245901081711e+06 3.081038444994989004e-21
3.724034782130586915e+06 2.927809199974039883e-21
3.742654956041239202e+06 2.692130276207545730e-21
3.761368230821444653e+06 2.442389713023915469e-21
3.780175071975552011e+06 2.177103941917876593e-21
3.799075947335429955e+06 1.954300590651038346e-21
3.818071327072106767e+06 1.754422591145962782e-21
3.837161683707467280e+06 1.612437573856729638e-21
3.856347492126003839e+06 1.486971185318770663e-21
3.875629229586632922e+06 1.413216376028802745e-21
3.895007375734565780e+06 1.344975875606532863e-21
3.914482412613238674e+06 1.313358334085931734e-21
3.934054824676304590e+06 1.288004422537344607e-21
3.953725098799685948e+06 1.287012225128413862e-21
3.973493724293683656e+06 1.299157109489132610e-21
3.993361192915151361e+06 1.334853110820721245e-21
4.013327998879726510e+06 1.394911021109408848e-21
4.033394638874124736e+06 1.475527080633211741e-21
4.053561612068494782e+06 1.505019312664172938e-21
4.073829420128837228e+06 1.512037803176873940e-21
4.094198567229480948e+06 1.398816560668036997e-21
4.114669560065628029e+06 1.266484977075388665e-21
4.135242907865955960e+06 1.130869672479018879e-21
4.155919122405285016e+06 1.005726936735845278e-21
4.176698718017311301e+06 9.174173172737787813e-22
4.197582211607397534e+06 8.369818734577835853e-22
4.218570122665434144e+06 7.806790092817779947e-22
4.239662973278759979e+06 7.360437970515579538e-22
4.260861288145154715e+06 6.982196383956623807e-22
4.282165594585878775e+06 6.667201914043365367e-22
4.303576422558807768e+06 6.404046571579611476e-22
4.325094304671601392e+06 6.199147987720164663e-22
4.346719776194959879e+06 6.031761652324240310e-22
4.368453375075933523e+06 5.930117576111654259e-22
4.390295641951312311e+06 5.823682002500828165e-22
4.412247120161068626e+06 5.686291958866664694e-22
4.434308355761874467e+06 5.565106821775881136e-22
4.456479897540682927e+06 5.454477653940162772e-22
4.478762297028386034e+06 5.382699771059165445e-22
4.501156108513526618e+06 5.320812028841758394e-22
4.523661889056093991e+06 5.230455167267775771e-22
4.546280198501374573e+06 5.159412811008302597e-22
4.569011599493880756e+06 5.061790057048442535e-22
4.591856657491349615e+06 5.001087273384256564e-22
4.614815940778805874e+06 4.971328423085229755e-22
4.637890020482699387e+06 4.911605400619205255e-22
4.661079470585111529e+06 4.883582965625526089e-22
4.684384867938037030e+06 4.837392159659518464e-22
4.707806792277727276e+06 4.769244035519564614e-22
4.731345826239114627e+06 4.711539868178887980e-22
4.755002555370310321e+06 4.687130581545861369e-22
4.778777568147161044e+06 4.668775971031744357e-22
4.802671455987895839e+06 4.655834283178772329e-22
4.826684813267835416e+06 4.647959439874909578e-22
4.850818237334174104e+06 4.641780331650328873e-22
4.875072328520843759e+06 4.646240608549258509e-22
4.899447690163447522e+06 4.654980327617608635e-22
4.923944928614263423e+06 4.675457775306826862e-22
4.948564653257334605e+06 4.698135118519405448e-22
4.973307476523621008e+06 4.752838524882502644e-22
4.998174013906238601e+06 4.810428804014664600e-22
5.023164883975769393e+06 4.918072289199912236e-22
5.048280708395646885e+06 5.038530641499930246e-22
5.174487726105538197e+06 6.657985194697896232e-22
5.303849919258177280e+06 1.929432669745544798e-21
5.436446167239630595e+06 1.062872322072470264e-21
5.572357321420620196e+06 7.762910987002079689e-22
5.711666254456135444e+06 8.174825567661351169e-22
5.854457910817537457e+06 8.376474211172069230e-22
6.000819358587976545e+06 9.361557473447875241e-22
6.150839842552674934e+06 5.753232997478700860e-22
6.304610838616491295e+06 4.980064391678277067e-22
6.462226109581902623e+06 4.631507680235811319e-22
6.623781762321449816e+06 4.101002677408547041e-22
6.789376306379484944e+06 3.872822585322554149e-22
6.959110714038971812e+06 3.546089630661270952e-22
7.133088481889945455e+06 3.505346429367693198e-22
7.311415693937194534e+06 3.578774156353400068e-22
7.494201086285622790e+06 4.081538278811086934e-22
7.681556113442763686e+06 4.445490340779182181e-22
7.873595016278831288e+06 4.909238320095735095e-22
8.070434891685802490e+06 5.073463698320417042e-22
8.272195763977947645e+06 4.567592225353186578e-22
8.479000658077396452e+06 3.888171469139202299e-22
8.690975674529328942e+06 3.400877985121135586e-22
8.908250066392563283e+06 3.315848852979521755e-22
9.130956318052375689e+06 3.089682343742783221e-22
9.359230226003684103e+06 2.958807212503861314e-22
9.593210981653776020e+06 2.857191616954263514e-22
9.833041256195120513e+06 2.775426992650056659e-22
1.007886728759999946e+07 2.702703217410770242e-22
1.033083896978999674e+07 2.639965793728203824e-22
1.058910994403474778e+07 2.585361552619076312e-22
1.085383769263561442e+07 2.539303424540086000e-22
1.112518363495150395e+07 2.504291941680735896e-22
1.140331322582528926e+07 2.476736689686117907e-22
1.168839605647092313e+07 2.457262801004150100e-22
1.198060595788269304e+07 2.444780375153898506e-22
1.228012110682975873e+07 2.440130446500168792e-22
1.258712413450050354e+07 2.443764302268523719e-22
1.290180223786301538e+07 2.453626184437686412e-22
1.322434729380958900e+07 2.470471907924231716e-22
1.355495597615482658e+07 2.492932334583213537e-22
1.389382987555869855e+07 2.519971241694520358e-22
1.424117562244766392e+07 2.549324839424350480e-22
1.459720501300885528e+07 2.580027839871833986e-22
1.496213513833407499e+07 2.610106559115664301e-22
1.533618851679242402e+07 2.638295622764327209e-22
1.571959322971223108e+07 2.662952240668081564e-22
1.611258306045503542e+07 2.683300734395237938e-22
1.651539763696640916e+07 2.700152831330146683e-22
1.692828257789056748e+07 2.712796257887919771e-22
1.735148964233783260e+07 2.721472854315846420e-22
1.778527688339627534e+07 2.726983137714826455e-22
1.822990880548118055e+07 2.730415511655135882e-22
1.868565652561821043e+07 2.732095756326562077e-22
1.915279793875866383e+07 2.735261853341112338e-22
1.963161788722762465e+07 2.740764015881410318e-22
2.012240833440831304e+07 2.750768477244681158e-22
2.062546854276852310e+07 2.765174307584255547e-22
2.114110525633773208e+07 2.786754184553137859e-22
2.166963288774617389e+07 2.815692950619143340e-22
2.221137370993983001e+07 2.853213793207392690e-22
2.276665805268831924e+07 2.899504197165123566e-22
2.333582450400552899e+07 2.955916138692338859e-22
2.391922011660566181e+07 3.021939648624506929e-22
2.451720061952080205e+07 3.099383238097747689e-22
2.513013063500881568e+07 3.186982927182752808e-22
2.575838390088403597e+07 3.284268531636013089e-22
2.640234349840613455e+07 3.391263852851976344e-22
2.706240208586628735e+07 3.508323380410396631e-22
2.773896213801293820e+07 3.634388392143132385e-22
2.843243619146325439e+07 3.768530483960220632e-22
2.914324709624983370e+07 3.907700090031532117e-22
2.987182827365607768e+07 4.053931781208926631e-22
3.061862398049747944e+07 4.205381153667623500e-22
3.138408958000991121e+07 4.358718097613450038e-22
3.216869181951015815e+07 4.514806659903806863e-22
3.297290911499790847e+07 4.670006121338501503e-22
3.379723184287285805e+07 4.824697427951437260e-22
3.464216263894467056e+07 4.977905452689951618e-22
3.550821670491828769e+07 5.125082806773377245e-22
3.639592212254124135e+07 5.264436003939044422e-22
3.730582017560476065e+07 5.397588377810547999e-22
3.823846567999488115e+07 5.520173123312245236e-22
3.919442732199475169e+07 5.633235383079308853e-22
4.017428800504461676e+07 5.735758310847195750e-22
4.117864520517072827e+07 5.825310059316102630e-22
4.220811133529999107e+07 5.901804687576606128e-22
4.326331411868248880e+07 5.963807393234264460e-22
4.434489697164954245e+07 6.011317967799966183e-22
4.545351939594078064e+07 6.042184101870203457e-22
4.658985738083929569e+07 6.057403625045265651e-22
4.775460381536027789e+07 6.057663891516050419e-22
4.894846891074427217e+07 6.041015083466067740e-22
5.017218063351288438e+07 6.010017557681911689e-22
5.142648514935070276e+07 5.966498965250858079e-22
5.271214727808447182e+07 5.910181353528829600e-22
5.402995096003658324e+07 5.844791325737196435e-22
5.538069973403748870e+07 5.772185220140849651e-22
5.676521722738842666e+07 5.689574060461691532e-22
5.818434765807314217e+07 5.602767722831874815e-22
5.963895634952496737e+07 5.513948621084614385e-22
6.112993025826308131e+07 5.424636440121199263e-22
6.265817851471964270e+07 5.332672991296504648e-22
6.422463297758764029e+07 5.226460656853283527e-22
6.583024880202732235e+07 5.079672930375084252e-22
6.747600502207799256e+07 4.877014604921495296e-22
6.916290514762994647e+07 4.642120692937230670e-22
7.089197777632068098e+07 4.401687842011798996e-22
7.266427722072868049e+07 4.167819727849574738e-22
7.448088415124689043e+07 3.942536674934728097e-22
7.634290625502806902e+07 3.725885130774640354e-22
7.825147891140376031e+07 3.516345813953182543e-22
8.020776588418884575e+07 3.313988937986885749e-22
8.221296003129355609e+07 3.118720881683487716e-22
8.426828403207588196e+07 2.929051299425625355e-22
8.637499113287776709e+07 2.746493009667143515e-22
8.853436591119971871e+07 2.570763588826035524e-22
9.074772505897969007e+07 2.400998682742379552e-22
9.301641818545415998e+07 2.238974284556211363e-22
9.534182864009051025e+07 2.083717666823904045e-22
9.772537435609278083e+07 1.935508362180233527e-22
1.001685087149950862e+08 1.794160268066094731e-22
1.026727214328699410e+08 1.660122883321438827e-22
1.052395394686916769e+08 1.533319532456379905e-22
1.078705279554089755e+08 1.414074589264431059e-22
1.105672911542941779e+08 1.301572610521918964e-22
1.133314734331515282e+08 1.196098340743713742e-22
1.161647602689803243e+08 1.095526618967814391e-22
1.190688792757048011e+08 1.000068474595832085e-22
1.220456012575974315e+08 9.090619652573562702e-23
1.250967412890373468e+08 8.249916754286708882e-23
1.282241598212632686e+08 7.476899579260309922e-23
1.314297638167948425e+08 6.768513367487031342e-23
1.347155079122146964e+08 6.121686606401468782e-23
1.380833956100200713e+08 5.531059556951363475e-23
1.415354805002705455e+08 4.989957877983844332e-23
1.450738675127772987e+08 4.497935804809068217e-23
1.487007142005967200e+08 4.050078589969308155e-23
1.524182320556116104e+08 3.643519231627461404e-23
1.562286878570019007e+08 3.273676766381400877e-23
1.601344050534269214e+08 2.940502485530346169e-23
1.641377651797626019e+08 2.637085085053291635e-23
1.682412093092566729e+08 2.363665427948981619e-23
1.724472395419880748e+08 2.117462024052173709e-23
1.767584205305377245e+08 1.894877458041583810e-23
1.811773810438011885e+08 1.694400806232053544e-23
1.857068155698961616e+08 1.514689656999137107e-23
1.903494859591436088e+08 1.352966954451662335e-23
1.951082231081221700e+08 1.207453591216259925e-23
1.999859286858251989e+08 1.077595786074833635e-23
2.049855769029708207e+08 9.607940973566554438e-24
2.101102163255450726e+08 8.560189964246721522e-24
2.153629717336837053e+08 7.626051929427532997e-24
2.207470460270257592e+08 6.789516183219333789e-24
2.262657221777013540e+08 6.041438005425777386e-24
2.319223652321439385e+08 5.373473079893644734e-24
2.377204243629474938e+08 4.777612470018766452e-24
2.436634349720211625e+08 4.245515964869243476e-24
2.497550208463217020e+08 3.771844241366299040e-24
2.559988963674797118e+08 3.349762455483577457e-24
2.623988687766667008e+08 2.973820413434628722e-24
2.689588404960833788e+08 2.639053785573138138e-24
2.756828115084854364e+08 2.342008915871308058e-24
2.825748817961975336e+08 2.076684641361860894e-24
2.896392538411024809e+08 1.841922654759520967e-24
2.968802351871300340e+08 1.633197709044119366e-24
3.043022410668082237e+08 1.447067704448931845e-24
3.119097970934784412e+08 1.282170600983746214e-24
3.197075420208153725e+08 1.136658362323388348e-24
3.277002305713357329e+08 1.006794382650786048e-24
3.358927363356190920e+08 8.913591664722963380e-25
3.442900547440094948e+08 7.892875991957114189e-25
3.528973061126097441e+08 6.986090421241351504e-25
3.617197387654249668e+08 6.181641809863498157e-25
3.707627322345604897e+08 5.470961868177122668e-25
3.800318005404245257e+08 4.838079475542492251e-25
3.895325955539351106e+08 4.276101596117779738e-25
3.992709104427833557e+08 3.779661824250026806e-25
4.092526832038530111e+08 3.339640913598730634e-25
4.194840002839492559e+08 2.948677106749814814e-25
4.299711002910479307e+08 2.603253895452883004e-25
4.407203777983241081e+08 2.297470666112607257e-25
4.517383872432821393e+08 2.026913086314284636e-25
4.630318469243640900e+08 1.787833338876369357e-25
4.746076430974731445e+08 1.576655398738746628e-25
4.864728341749099493e+08 1.390113358800170538e-25
4.986346550292826295e+08 1.225494545761613758e-25
5.111005214050146937e+08 1.080422210012848763e-25
5.238780344401400685e+08 9.519850186514095482e-26
5.369749853011434078e+08 8.386096601734230275e-26
5.503993599336720705e+08 7.387622690839052832e-26
5.641593439320137501e+08 6.507550173001875060e-26
5.782633275303139687e+08 5.729992464502824234e-26
5.927199107185719013e+08 5.046978700957700522e-26
6.075379084865360260e+08 4.443317905330559434e-26
6.227263561986994743e+08 3.910420235162536228e-26
6.382945151036669016e+08 3.442795135112913819e-26
6.542518779812585115e+08 3.030480479487371511e-26
6.706081749307898283e+08 2.666747913528563811e-26
6.873733793040596247e+08 2.347439285097899139e-26
7.045577137866610289e+08 2.065695526671525165e-26
7.221716566313273907e+08 1.817438196534573025e-26
7.402259480471105576e+08 1.599769078272038428e-26
7.587315967482882738e+08 1.408067381852017646e-26
7.776998866669954062e+08 1.238814804625817697e-26
7.971423838336703777e+08 1.090276546603979778e-26
8.170709434295119047e+08 9.596077055373874661e-27
8.374977170152497292e+08 8.441486066532029444e-27
8.584351599406309128e+08 7.429113839321722036e-27
8.798960389391465187e+08 6.538704526359920794e-27
9.018934399126250744e+08 5.755051697266534922e-27
9.244407759104406834e+08 5.064650125165618577e-27
9.475517953082015514e+08 4.458814451915425264e-27
9.712405901909065247e+08 3.924694237143491639e-27
9.955216049456789494e+08 3.454037358865987427e-27
1.020409645069320917e+09 3.041128511162630918e-27
1.045919886196053743e+09 2.677394435506546814e-27
1.072067883350955009e+09 2.356402670956936971e-27
1.098869580434728861e+09 2.075671009062625896e-27
1.126341319945597172e+09 1.827662293569433755e-27
1.154499852944236755e+09 1.609168351032024111e-27
1.183362349267842770e+09 1.417928799405857333e-27
1.212946407999538898e+09 1.249173293545542789e-27
1.243270068199527025e+09 1.100274796482209138e-27
1.274351819904515266e+09 9.697096084269186152e-28
1.306210615402127981e+09 8.546691532510310496e-28
1.338865880787181139e+09 7.531423791166371419e-28
1.372337527806860447e+09 6.639941029488211707e-28
1.406645966002031803e+09 5.854867586460389985e-28
1.441812115152082443e+09 5.161204839642895653e-28
1.477857418030884504e+09 4.550075181644359363e-28
1.514803853481656551e+09 4.013022322026180638e-28
1.552673949818697929e+09 3.538362061028499053e-28
1.591490798564165115e+09 3.121195187949612194e-28
1.631278068528269291e+09 2.753800495034557443e-28
1.672060020241476059e+09 2.428925747417939526e-28
1.713861520747512579e+09 2.143457863717052262e-28
1.756708058766200304e+09 1.892201030021774851e-28
1.800625760235355139e+09 1.670082516564571376e-28
1.845641404241239071e+09 1.474480301376553427e-28
1.891782439347269773e+09 1.302061075777586500e-28
1.939077000330951214e+09 1.149845221388950310e-28
1.987553925339224815e+09 1.015243592409365111e-28
2.037242773472705364e+09 8.968271872987064852e-29
2.088173842809523106e+09 7.922771931806991263e-29
2.140378188879760742e+09 7.019924615365979554e-29
2.193887643601754189e+09 6.211507105010394218e-29
2.248734834691798210e+09 5.488599908112333918e-29
2.304953205559092999e+09 4.850609363692783600e-29
2.362577035698070049e+09 4.288703607433447867e-29
2.421641461590521812e+09 3.791822570345885968e-29
2.482182498130284309e+09 3.352080107329049880e-29
2.544237060583541870e+09 2.964633386471454716e-29
2.607842987098130226e+09 2.622053113518276473e-29
2.673039061775583267e+09 2.319103080149690980e-29
2.739865038319972038e+09 2.051564125519372593e-29
2.808361664277971268e+09 1.823013912427323312e-29
2.878570705884920120e+09 1.622575228785694883e-29
2.950534973532042980e+09 1.435698415609671287e-29
3.024298347870344162e+09 1.271197501520610876e-29
3.099905806567101955e+09 1.125360895863010690e-29
3.177403451731279373e+09 9.970748107543128437e-30
3.256838538024561405e+09 8.839585597715025909e-30
3.338259501475174427e+09 7.836431297682728986e-30
3.421715989012054443e+09 6.938580006916501557e-30
3.507258888737355232e+09 6.158326986177430941e-30
3.594940360955788612e+09 5.461655311325577163e-30
3.684813869979682922e+09 4.838779280968832672e-30
3.776934216729174614e+09 4.288650119903314632e-30
3.871357572147403717e+09 3.800896286186797148e-30
3.968141511451088905e+09 3.375363281900344414e-30
4.067345049237365246e+09 2.993779561415242237e-30
4.169028675468299389e+09 2.654743667655976126e-30
4.273254392355006218e+09 2.353557148929227398e-30
4.380085752163880348e+09 2.086559118420679480e-30
4.489587895967977524e+09 1.849361631706456024e-30
4.601827593367176056e+09 1.645454466684375735e-30
4.716873283201354980e+09 1.461804250878814064e-30
4.834795115281388283e+09 1.989410562140478457e-34
