5.333462813712857553e+01 0.000000000000000000e+00
5.466799384055678956e+01 0.000000000000000000e+00
5.603469368657070504e+01 0.000000000000000000e+00
5.743556102873497338e+01 0.000000000000000000e+00
5.887145005445334078e+01 0.000000000000000000e+00
6.034323630581467057e+01 0.000000000000000000e+00
6.185181721346003769e+01 0.000000000000000000e+00
6.339811264379652300e+01 0.000000000000000000e+00
6.498306545989143501e+01 0.000000000000000000e+00
6.660764209638871591e+01 0.000000000000000000e+00
6.827283314879841214e+01 0.000000000000000000e+00
6.997965397751838168e+01 0.000000000000000000e+00
7.172914532695632772e+01 0.000000000000000000e+00
7.352237396013023840e+01 0.000000000000000000e+00
7.536043330913348370e+01 0.000000000000000000e+00
7.724444414186180552e+01 0.000000000000000000e+00
7.917555524540834710e+01 0.000000000000000000e+00
8.115494412654355472e+01 0.000000000000000000e+00
8.318381772970712973e+01 0.000000000000000000e+00
8.526341317294979660e+01 0.000000000000000000e+00
8.739499850227353761e+01 0.000000000000000000e+00
8.957987346483035651e+01 0.000000000000000000e+00
9.181937030145110157e+01 0.000000000000000000e+00
9.411485455898738905e+01 0.000000000000000000e+00
9.646772592296204607e+01 0.000000000000000000e+00
9.887941907103609651e+01 0.000000000000000000e+00
1.013514045478119954e+02 0.000000000000000000e+00
1.038851896615072832e+02 0.000000000000000000e+00
1.064823194030449685e+02 0.000000000000000000e+00
1.091443773881210575e+02 0.000000000000000000e+00
1.118729868228240889e+02 0.000000000000000000e+00
1.146698114933946755e+02 0.000000000000000000e+00
1.175365567807295264e+02 0.000000000000000000e+00
1.204749707002477521e+02 0.000000000000000000e+00
1.234868449677539246e+02 0.000000000000000000e+00
1.265740160919477688e+02 0.000000000000000000e+00
1.297383664942464634e+02 0.000000000000000000e+00
1.329818256566026093e+02 0.000000000000000000e+00
1.363063712980176660e+02 0.000000000000000000e+00
1.397140305804680906e+02 0.000000000000000000e+00
1.432068813449797915e+02 0.000000000000000000e+00
1.467870533786042699e+02 0.000000000000000000e+00
1.504567297130693646e+02 0.000000000000000000e+00
1.542181479558960859e+02 0.000000000000000000e+00
1.580736016547934923e+02 0.000000000000000000e+00
1.620254416961633126e+02 0.000000000000000000e+00
1.660760777385673919e+02 0.000000000000000000e+00
1.702279796820315596e+02 0.000000000000000000e+00
1.744836791740823401e+02 0.000000000000000000e+00
1.788457711534343844e+02 0.000000000000000000e+00
1.833169154322702639e+02 0.000000000000000000e+00
1.878998383180770020e+02 0.000000000000000000e+00
1.925973342760289029e+02 0.000000000000000000e+00
1.974122676329295984e+02 0.000000000000000000e+00
2.023475743237528377e+02 0.000000000000000000e+00
2.074062636818466387e+02 0.000000000000000000e+00
2.125914202738928225e+02 0.000000000000000000e+00
2.179062057807401231e+02 0.000000000000000000e+00
2.233538609252585729e+02 0.000000000000000000e+00
2.289377074483900287e+02 0.000000000000000000e+00
2.346611501345997794e+02 0.000000000000000000e+00
2.405276788879647825e+02 0.000000000000000000e+00
2.465408708601638921e+02 0.000000000000000000e+00
2.527043926316679574e+02 0.000000000000000000e+00
2.590220024474596698e+02 0.000000000000000000e+00
2.654975525086460948e+02 0.000000000000000000e+00
2.721349913213622358e+02 0.000000000000000000e+00
2.789383661043962661e+02 0.000000000000000000e+00
2.859118252570061713e+02 0.000000000000000000e+00
2.930596208884312546e+02 0.000000000000000000e+00
3.003861114106420587e+02 9.727171497489331813e-68
3.078957641959080433e+02 1.053210874409652821e-66
3.155931583008057260e+02 4.870605400173707444e-66
3.234829872583258634e+02 1.810839377673924037e-65
3.315700619397839546e+02 6.037806204587303338e-65
3.398593134882785307e+02 1.878681567923440325e-64
3.483557963254855281e+02 2.192955539105987173e-63
3.570646912336226251e+02 2.606374087403224220e-62
3.659913085144631282e+02 1.161785372867779900e-61
3.751410912273246367e+02 3.857172358439022296e-61
3.845196185080077385e+02 1.170809027919233342e-60
3.941326089707078495e+02 3.329867975897129351e-60
4.039859241949755528e+02 1.009310299868994804e-58
4.140855722998498436e+02 4.415901156796591727e-58
4.244377116073461593e+02 1.440869268431139063e-57
4.350486543975297309e+02 4.138491211532323826e-57
4.459248707574678861e+02 3.117312030833142650e-56
4.570729925264045050e+02 1.912162396347465484e-55
4.684998173395646859e+02 6.777025273309308205e-55
4.802123127730536680e+02 1.970448252072313549e-54
4.922176205923800580e+02 8.235159284604597853e-54
5.045230611071894486e+02 6.807598278909507191e-53
5.171361376348691010e+02 2.417462739106667978e-52
5.300645410757407490e+02 6.918589816090927546e-52
5.433161546026342421e+02 2.804989588102273858e-51
5.568990584677001152e+02 1.213082706266989659e-50
5.708215349293925556e+02 3.305103941127877537e-50
5.850920733026273410e+02 8.562594876199463354e-50
5.997193751351928768e+02 4.763584088527357392e-49
6.147123595135726646e+02 1.554102721172358817e-48
6.300801685014120039e+02 4.150196610113520198e-48
6.458321727139473296e+02 1.651895579952382203e-47
6.619779770317959446e+02 5.167120897182041379e-47
6.785274264575907637e+02 1.328887109929183375e-46
6.954906121190305157e+02 3.450897454578780803e-46
7.128778774220062360e+02 9.581615947104292744e-46
7.306998243575561673e+02 2.020725046189743681e-45
7.489673199664950971e+02 5.602776788319331928e-45
7.676915029656573779e+02 1.472717464153791170e-44
7.868837905397987242e+02 3.061583026043279966e-44
8.065558853032937350e+02 6.601423021414845557e-44
8.267197824358760272e+02 1.349887110441534786e-43
8.473877769967728000e+02 2.475709083357846584e-43
8.685724714216921711e+02 4.180352581643822612e-43
8.902867832072342935e+02 6.971989638980066765e-43
9.125439527874151509e+02 1.484811053734921842e-42
9.353575516071005040e+02 2.857856784242216485e-42
9.587414903972778575e+02 4.418494857518079247e-42
9.827100276572098210e+02 5.408790412655138652e-42
1.007277778348640027e+03 7.955244898903288498e-42
1.032459722807355774e+03 1.372090770666177405e-41
1.058271215877539589e+03 1.728020820814685297e-41
1.084727996274478073e+03 1.967444726471408922e-41
1.111846196181339792e+03 1.970208565291000982e-41
1.139642351085873088e+03 2.469971226742183881e-41
1.168133409863019779e+03 3.882720018693296080e-41
1.197336745109595313e+03 5.866565102949045787e-41
1.227270163737334997e+03 8.833596262544438982e-41
1.257951917830768252e+03 1.315993516418195172e-40
1.289400715776537254e+03 1.815778544956068494e-40
1.321635733670950685e+03 2.457288361738191509e-40
1.354676627012724566e+03 3.249516225876767139e-40
1.388543542688042180e+03 4.241673980008761892e-40
1.423257131255243394e+03 5.503326526354804841e-40
1.458838559536624189e+03 7.091755502140604386e-40
1.495309523525039822e+03 8.843510178107092937e-40
1.532692261613165556e+03 1.085503301194422586e-39
1.571009568153494911e+03 1.251056106530682110e-39
1.610284807357331829e+03 1.373297277595636388e-39
1.650541927541265068e+03 1.665856178583363900e-39
1.691805475729796626e+03 2.026927372606249915e-39
1.734100612623041116e+03 2.936547371966480143e-39
1.777453127938616944e+03 3.694100180903092098e-39
1.821889456137082561e+03 4.216185569892714918e-39
1.867436692540509512e+03 5.311475831673706702e-39
1.914122609854022130e+03 7.308124519571257221e-39
1.961975675100372882e+03 9.755246041543234209e-39
2.011025066977882034e+03 1.005368340137377337e-38
2.061300693652329301e+03 1.339211775770765796e-38
2.112833210993636840e+03 2.168480544052815225e-38
2.165654041268477613e+03 3.441362613469464619e-38
2.219795392300189633e+03 6.041996519111567354e-38
2.275290277107693782e+03 1.197452711226999485e-37
2.332172534035385979e+03 3.838540702616281398e-37
2.390476847386270492e+03 1.007271616688069914e-36
2.450238768570927277e+03 2.172133647795717406e-36
2.511494737785200414e+03 4.085931320695447861e-36
2.574282106229829878e+03 7.955228107011450779e-36
2.638639158885575398e+03 1.538204115557468916e-35
2.704605137857714908e+03 2.902016902357982794e-35
2.772220266304157121e+03 5.618057783218193402e-35
2.841525772961761049e+03 1.120610336170010620e-34
2.912563917285804564e+03 2.306220250872456764e-34
2.985378015217949724e+03 4.847024569813975121e-34
3.060012465598398194e+03 1.045970040368804056e-33
3.136512777238358012e+03 2.206734886473257495e-33
3.214925596669316292e+03 4.556732048856840293e-33
3.295298736586049017e+03 9.110759782113195814e-33
3.377681205000700174e+03 1.789436569440993529e-32
3.462123235125717656e+03 3.263192328150119024e-32
3.548676316003859938e+03 6.262762058448535394e-32
3.637393223903956823e+03 1.199369581365862531e-31
3.728328054501555471e+03 2.279775484224132552e-31
3.821536255864093619e+03 4.226832187579649666e-31
3.917074662260695732e+03 1.196104258549136004e-30
4.015001528817213057e+03 3.951006273153264333e-30
4.115376567037643326e+03 5.668161290205005656e-30
4.218260981213583364e+03 1.322140992943622502e-29
4.323717505743923539e+03 2.238728890346502252e-29
4.431810443387521445e+03 3.609204457445597222e-29
4.542605704472209254e+03 1.353771366504773361e-28
4.656170847084013985e+03 4.429008474851522117e-28
4.772575118261114767e+03 1.041477080685372717e-27
4.891889496217641863e+03 1.794801788392752015e-27
5.014186733623082546e+03 2.510578842159402389e-27
5.139541401963659155e+03 3.520546240734479544e-27
5.268029937012750452e+03 5.058506991957539657e-27
5.399730685438069486e+03 6.673181264281172905e-27
5.534723952574020586e+03 8.801934413625131000e-27
5.673092051388370237e+03 1.101042426923874592e-26
5.814919352673078720e+03 1.685489087939662835e-26
5.960292336489906120e+03 2.234048328265285185e-26
6.109299644902152977e+03 2.661824345684973034e-26
6.262032136024707142e+03 3.135566967658721142e-26
6.418582939425323275e+03 8.299641100677505600e-26
6.579047512910956357e+03 9.911210609058236256e-26
6.743523700733730038e+03 1.204362491263956032e-25
6.912111793252071038e+03 1.401594045236571475e-25
7.084914588083373019e+03 1.816658857485752037e-25
7.262037452785454661e+03 2.198873018207209399e-25
7.443588389105090755e+03 2.543855944543851165e-25
7.629678098832718206e+03 4.368223169801075266e-25
7.820420051303535729e+03 7.397497088071337454e-25
8.015930552586123667e+03 8.482902086529365400e-25
8.216328816400775395e+03 9.671662874992605855e-25
8.421737036810793143e+03 1.109511751624547016e-24
8.632280462731063380e+03 1.272018685561010503e-24
8.848087474299338282e+03 1.209721792415091262e-24
9.069289661156821239e+03 3.287159400595509877e-25
9.296021902685739406e+03 1.496996274996630631e-25
9.528422450252881390e+03 1.039616836366326978e-25
9.766633011509202333e+03 9.809216872914219471e-26
1.001079883679693194e+04 1.035504123777097366e-25
1.026106880771685428e+04 1.070917491967281693e-25
1.051759552790977614e+04 1.106595965905933817e-25
1.078053541610751927e+04 1.152278539960090857e-25
1.105004880151020552e+04 1.232163128140278031e-25
1.132630002154796057e+04 1.319164167853846442e-25
1.160945752208665908e+04 1.387026093210306047e-25
1.189969396013882215e+04 1.444820379915654910e-25
1.219718630914229107e+04 2.038194099217754917e-25
1.250211596687084966e+04 3.654571440928239832e-25
1.281466886604261890e+04 4.525272041754928667e-25
1.313503558769368283e+04 4.282335769550568524e-25
1.346341147738602558e+04 4.570875694617298759e-25
1.379999676432067463e+04 4.450029293314019350e-25
1.414499668342869154e+04 4.554039283934490222e-25
1.449862160051440696e+04 4.589538403153166347e-25
1.486108714052726646e+04 4.480408978040452337e-25
1.523261431904044366e+04 4.374839139424445638e-25
1.561342967701645466e+04 4.177864208668299477e-25
1.600376541894186084e+04 3.893482498066497364e-25
1.608378424603656822e+04 3.730163961539756042e-25
1.616420316726675082e+04 3.200748194961565208e-25
1.624502418310308349e+04 3.198209675624671352e-25
1.632624930401859820e+04 3.672421354478294915e-25
1.640788055053868811e+04 3.738421294290483745e-25
1.648991995329137717e+04 3.787856861416577427e-25
1.657236955305783340e+04 3.806478227296020855e-25
1.665523140082311875e+04 3.751681689806151949e-25
1.673850755782723354e+04 3.762434403509077419e-25
1.682220009561636834e+04 3.711852922457360927e-25
1.690631109609444684e+04 3.696790210889895969e-25
1.699084265157491609e+04 3.668322739883115442e-25
1.707579686483279147e+04 3.640471923207610303e-25
1.716117584915695261e+04 3.619186639422220232e-25
1.724698172840273764e+04 3.567485043885800213e-25
1.733321663704474850e+04 3.547052673180003559e-25
1.741988272022997262e+04 3.528792789625896737e-25
1.750698213383111943e+04 3.522966857011987372e-25
1.759451704450027319e+04 3.498120918712561724e-25
1.768248962972277150e+04 3.422968765499787530e-25
1.777090207787138206e+04 3.454468759512449210e-25
1.785975658826073777e+04 3.389847843139947225e-25
1.794905537120204099e+04 3.360130685142235955e-25
1.803880064805804795e+04 3.320759163525407958e-25
1.812899465129833698e+04 3.323813186752610671e-25
1.821963962455482397e+04 3.258862698234617638e-25
1.831073782267759816e+04 3.177818723689763415e-25
1.840229151179097971e+04 3.139224751329768143e-25
1.849430296934993385e+04 3.134818053816613776e-25
1.858677448419668144e+04 3.078256789197380081e-25
1.867970835661766250e+04 3.071720392681716583e-25
1.877310689840075065e+04 3.067357609448552489e-25
1.886697243289275502e+04 3.026908113298814166e-25
1.896130729505721683e+04 3.003900418667113657e-25
1.905611383153250063e+04 3.007314058754988127e-25
1.915139440069015836e+04 2.958690624049743781e-25
1.924715137269361003e+04 2.930003484462239403e-25
1.934338712955707888e+04 2.905218669461555922e-25
1.944010406520486140e+04 2.891968233948381506e-25
1.953730458553088101e+04 2.858931363293264180e-25
1.963499110845853284e+04 2.827960621169223998e-25
1.973316606400082310e+04 2.840892570371432203e-25
1.983183189432082509e+04 2.783582574329679608e-25
1.993099105379242610e+04 2.694073473109251539e-25
2.003064600906138730e+04 2.726540226519208009e-25
2.013079923910669095e+04 2.673353702248977799e-25
2.023145323530222231e+04 2.647580675957679865e-25
2.033261050147873175e+04 2.584450773152112703e-25
2.043427355398612417e+04 2.587328217896875298e-25
2.053644492175605046e+04 2.484824955867279182e-25
2.063912714636482997e+04 2.484484349396502799e-25
2.074232278209665310e+04 2.455377722437261377e-25
2.084603439600712954e+04 2.414171725984128612e-25
2.095026456798716390e+04 2.423585380429885040e-25
2.105501589082709688e+04 2.388071580767121823e-25
2.116029097028123215e+04 2.443863850952602328e-25
2.126609242513263598e+04 2.432254985541621997e-25
2.137242288725829712e+04 2.309598204501991508e-25
2.147928500169458857e+04 2.368713606655679685e-25
2.158668142670305679e+04 2.395776377173841002e-25
2.169461483383657105e+04 2.345634578092872974e-25
2.180308790800575662e+04 2.394682984462301176e-25
2.191210334754578071e+04 2.368830514450394862e-25
2.202166386428350597e+04 2.356289052219188735e-25
2.213177218360492043e+04 2.317459597124798118e-25
2.224243104452294574e+04 2.203157213084617993e-25
2.235364319974555838e+04 2.213871479791664792e-25
2.246541141574427820e+04 2.184317539230331415e-25
2.257773847282299903e+04 2.211870406075016915e-25
2.269062716518711022e+04 2.134994566419014909e-25
2.280408030101304757e+04 2.118986465030441214e-25
2.291810070251810976e+04 2.155778958519368260e-25
2.303269120603069314e+04 2.127704399416843950e-25
2.314785466206084675e+04 2.078459688556381318e-25
2.326359393537114374e+04 2.106763402091349261e-25
2.337991190504800034e+04 2.060746602371600487e-25
2.349681146457323848e+04 2.068873932784117350e-25
2.361429552189610695e+04 2.061105316435401528e-25
2.373236699950558250e+04 2.018566438194605476e-25
2.385102883450310765e+04 1.979265771227142955e-25
2.397028397867561944e+04 1.975465348630381347e-25
2.409013539856899661e+04 1.919718361966209767e-25
2.421058607556184143e+04 1.920268601019195567e-25
2.433163900593964718e+04 1.907024486749440608e-25
2.445329720096934034e+04 1.820401614481983829e-25
2.457556368697418657e+04 1.841135056918671635e-25
2.469844150540905684e+04 1.833202703418716395e-25
2.482193371293609744e+04 1.793057263139978962e-25
2.494604338150077820e+04 1.766839218133997683e-25
2.507077359840827557e+04 1.707630367066580196e-25
2.519612746640031764e+04 1.717666577766804829e-25
2.532210810373231652e+04 1.699931408526251969e-25
2.544871864425097738e+04 1.674773168125114613e-25
2.557596223747222757e+04 1.652042185389682820e-25
2.570384204865958600e+04 1.639976300023612034e-25
2.583236125890287803e+04 1.599788366486889846e-25
2.596152306519739432e+04 1.594014599580748496e-25
2.609133068052338058e+04 1.583257476083465651e-25
2.622178733392598951e+04 1.572486786571765898e-25
2.635289627059561462e+04 1.549980228863524584e-25
2.648466075194859150e+04 1.527917974176866001e-25
2.661708405570833202e+04 1.519300093357230272e-25
2.675016947598687329e+04 1.500302126324120194e-25
2.688392032336680495e+04 1.485991277333026001e-25
2.701833992498363295e+04 1.487805708930784971e-25
2.715343162460855092e+04 1.492336778678182245e-25
2.728919878273158974e+04 1.479086746064172793e-25
2.742564477664524748e+04 1.481857359736629351e-25
2.756277300052847204e+04 1.441108101974648001e-25
2.770058686553111329e+04 1.415412800445569072e-25
2.783908979985876795e+04 1.407818182779970503e-25
2.797828524885805382e+04 1.399321807979273269e-25
2.811817667510234605e+04 1.361018458925052247e-25
2.825876755847785171e+04 1.342120959955210029e-25
2.840006139627023367e+04 1.349947558487930950e-25
2.854206170325158382e+04 1.319997636681791741e-25
2.868477201176784001e+04 1.259917891005356996e-25
2.882819587182667965e+04 1.284501051575458770e-25
2.897233685118580979e+04 1.282103579557396439e-25
2.911719853544173384e+04 1.283575617919178055e-25
2.926278452811893658e+04 1.253345145803100881e-25
2.940909845075952762e+04 1.239273835360076544e-25
2.955614394301332504e+04 1.129895190475182675e-25
2.970392466272839010e+04 1.235764559211541398e-25
2.985244428604202767e+04 1.255282414978206890e-25
3.000170650747223408e+04 1.259180630036761240e-25
3.015171504000958885e+04 1.229262300787890886e-25
3.030247361520963386e+04 1.231190663215808470e-25
3.045398598328567823e+04 1.238757035951732395e-25
3.060625591320210879e+04 1.224397042174257397e-25
3.075928719276811535e+04 1.217852801112527052e-25
3.091308362873195074e+04 1.203565498676506466e-25
3.106764904687561284e+04 1.202556677358712077e-25
3.122298729210998863e+04 1.193921309819464452e-25
3.137910222857053304e+04 1.197227521533849666e-25
3.153599773971338072e+04 1.192282735007842634e-25
3.169367772841194528e+04 1.187917761242029799e-25
3.185214611705400239e+04 1.173548760086668119e-25
3.201140684763926402e+04 1.163006192645501413e-25
3.217146388187745833e+04 1.177579238199633020e-25
3.233232120128683891e+04 1.185583160840083366e-25
3.249398280729327234e+04 1.004984186225295626e-25
3.265645272132973696e+04 1.169798257347425879e-25
3.281973498493638181e+04 1.191275012699753431e-25
3.298383365986106219e+04 1.211849365926307591e-25
3.314875282816036633e+04 1.219535442688826669e-25
3.331449659230116231e+04 1.205858876021005720e-25
3.348106907526266150e+04 1.228149941302431773e-25
3.364847442063897324e+04 1.221874655956920992e-25
3.381671679274216149e+04 1.228845834869828771e-25
3.398580037670587626e+04 1.247410421897463918e-25
3.415572937858939986e+04 1.261243528830485832e-25
3.432650802548234060e+04 1.273981993791482834e-25
3.449814056560974859e+04 1.271415737188841725e-25
3.467063126843779173e+04 1.290646878121970816e-25
3.484398442477997742e+04 1.319395618143473259e-25
3.501820434690387629e+04 1.320510672908573225e-25
3.519329536863839166e+04 1.341087283499636153e-25
3.536926184548158199e+04 1.337105059831005692e-25
3.554610815470898524e+04 1.368513643562117903e-25
3.572383869548252551e+04 1.374494713710715160e-25
3.590245788895993610e+04 1.420842396152428541e-25
3.608197017840472836e+04 1.449005154658842891e-25
3.626238002929674985e+04 1.468932331665610291e-25
3.644369192944323004e+04 1.489433363726980662e-25
3.662591038909043709e+04 1.483649668107482421e-25
3.680903994103588775e+04 1.541243116808165155e-25
3.699308514074106643e+04 1.568952132877005966e-25
3.717805056644476281e+04 1.579589492381505834e-25
3.736394081927698426e+04 1.675624563550841117e-25
3.755076052337336296e+04 1.725949551273768337e-25
3.773851432599022519e+04 1.732095309343316242e-25
3.792720689762017719e+04 1.809429647488637284e-25
3.811684293210827309e+04 1.854429718704774968e-25
3.830742714676880860e+04 1.908930980586870367e-25
3.849896428250264580e+04 1.932549333474975618e-25
3.869145910391515645e+04 2.025626781337906939e-25
3.888491639943472546e+04 2.090189394178297292e-25
3.907934098143189476e+04 2.159624011670518782e-25
3.927473768633905274e+04 2.237300133685712361e-25
3.947111137477074226e+04 2.312142060027934107e-25
3.966846693164458702e+04 2.405602592810280373e-25
3.986680926630280737e+04 2.490552645612649612e-25
4.006614331263431086e+04 2.562947024959911543e-25
4.026647402919748129e+04 2.731983875964271513e-25
4.046780639934346982e+04 2.859831838507323517e-25
4.067014543134017731e+04 2.950548111213433606e-25
4.087349615849686961e+04 3.052156008971273389e-25
4.107786363928935316e+04 3.231586962044418594e-25
4.128325295748579083e+04 3.412173945945959316e-25
4.148966922227321629e+04 3.616883187843100532e-25
4.169711756838457222e+04 3.835532722380806388e-25
4.190560315622649068e+04 4.026139560790142169e-25
4.211513117200761917e+04 3.767538454164363622e-25
4.232570682786765246e+04 4.555455420675379295e-25
4.253733536200699018e+04 4.876039618744319727e-25
4.275002203881702735e+04 5.022670713148637273e-25
4.296377214901109983e+04 5.563810169134091529e-25
4.317859100975614274e+04 5.828950017284548261e-25
4.339448396480492374e+04 6.365224699111330444e-25
4.361145638462894567e+04 6.724393785132661693e-25
4.382951366655208403e+04 7.396267912689594876e-25
4.404866123488484300e+04 7.871447394189843080e-25
4.426890454105926619e+04 8.511004313220575512e-25
4.449024906376456056e+04 8.877442878011018933e-25
4.471270030908337503e+04 9.918318044402000161e-25
4.493626381062879227e+04 1.078721361790389012e-24
4.516094512968192430e+04 1.170165444723226587e-24
4.538674985533033032e+04 1.281713660769814445e-24
4.561368360460698023e+04 1.341735039577796089e-24
4.584175202263001120e+04 1.537409125912137119e-24
4.607096078274314641e+04 1.702942624472855100e-24
4.630131558665686316e+04 1.890704984176567445e-24
4.653282216459014307e+04 2.078127757273402073e-24
4.676548627541308815e+04 2.313415428514510505e-24
4.699931370679015527e+04 2.577493148228166767e-24
4.723431027532409644e+04 2.898469766976905898e-24
4.747048182670071401e+04 3.240489118632272676e-24
4.770783423583421973e+04 3.640313336797622740e-24
4.794637340701337962e+04 4.042997642002236354e-24
4.818610527404844470e+04 4.607009727278367962e-24
4.842703580041867826e+04 5.288127200197799881e-24
4.866917097942075634e+04 8.271919028783529734e-24
4.891251683431785932e+04 1.067060554227153495e-23
4.915707941848944029e+04 1.440395376297549299e-23
4.940286481558188825e+04 1.286443157489009628e-23
4.964987913965978805e+04 1.347210793852961988e-23
4.989812853535808244e+04 2.707502542133288121e-23
5.014761917803486722e+04 3.047884172961022120e-23
5.039835727392503031e+04 3.127576492343860424e-23
5.065034906029464764e+04 1.342256893012158318e-23
5.090360080559611379e+04 3.731233248950461879e-23
5.115811880962409487e+04 3.149786183493304358e-23
5.141390940367220901e+04 4.021827634117641695e-23
5.167097895069055812e+04 3.243677850301931616e-23
5.192933384544400906e+04 2.386892715918796361e-23
5.218898051467121695e+04 3.294329882241402130e-23
5.244992541724456532e+04 4.224125302129082219e-23
5.271217504433078284e+04 4.720083633163345971e-23
5.297573591955243319e+04 4.338221739176427783e-23
5.324061459915019805e+04 5.084971660705504828e-23
5.350681767214593128e+04 5.066921619162903639e-23
5.377435176050665177e+04 4.673766358374511218e-23
5.404322351930918376e+04 4.283664546520354083e-23
5.431343963690572127e+04 3.529642414146131036e-23
5.458500683509024384e+04 2.681915116992319293e-23
5.485793186926569615e+04 3.926507906144668813e-23
5.513222152861201903e+04 4.919424364969376298e-23
5.540788263625506079e+04 5.471717700099498864e-23
5.568492204943632532e+04 6.664225738776603510e-23
5.596334665968350600e+04 6.931226921461411636e-23
5.624316339298192179e+04 7.112470375845172243e-23
5.652437920994681917e+04 7.476431398064379146e-23
5.680700110599654727e+04 7.296507531137536424e-23
5.709103611152654048e+04 7.500507572044963627e-23
5.737649129208416707e+04 7.400107374881613715e-23
5.766337374854457448e+04 7.755489681974868039e-23
5.795169061728729866e+04 6.849674719173144250e-23
5.824144907037372468e+04 7.191350431184329968e-23
5.853265631572558777e+04 6.713531491957799022e-23
5.882531959730421659e+04 1.039877721195382570e-22
5.911944619529073680e+04 7.603392673220915698e-23
5.941504342626717698e+04 8.277228317848530744e-23
5.971211864339849853e+04 1.226930877690015129e-22
6.001067923661548411e+04 1.076630752319309221e-22
6.031073263279855018e+04 9.887176469134839901e-23
6.061228629596254177e+04 1.181288867524016585e-22
6.091534772744234215e+04 9.049986402024241916e-23
6.121992446607954480e+04 8.639277518474083481e-23
6.152602408840994030e+04 8.561184759391180624e-23
6.183365420885198546e+04 7.069289424659309732e-23
6.214282247989623284e+04 7.628948832098466086e-23
6.245353659229570621e+04 5.986181847543319619e-23
6.276580427525717823e+04 5.017115692366027522e-23
6.307963329663345939e+04 5.248957133221967438e-23
6.339503146311661840e+04 4.444656408809879253e-23
6.371200662043220655e+04 3.108075334276413481e-23
6.403056665353434801e+04 3.110662527267698708e-23
6.435071948680201604e+04 1.711847100117319808e-23
6.467247308423601498e+04 2.053800387658493672e-23
6.499583544965718465e+04 6.583871697306743528e-23
6.532081462690547778e+04 8.229463568490566056e-23
6.564741870003999793e+04 9.235979864038939048e-23
6.597565579354019428e+04 1.149754034788577924e-22
6.630553407250788587e+04 1.322050392714513754e-22
6.663706174287042813e+04 1.658112992602910867e-22
6.697024705158476718e+04 2.368963234148521229e-22
6.730509828684267995e+04 2.026916367529360939e-22
6.764162377827688761e+04 3.935799569336236930e-22
6.797983189716827474e+04 4.272851336373082982e-22
6.831973105665411276e+04 4.726265985703071623e-22
6.866132971193737467e+04 6.627539705654334633e-22
6.900463636049705383e+04 9.503324729594154067e-22
6.934965954229953059e+04 1.120132949397416858e-21
6.969640784001103020e+04 7.777188822342257241e-22
7.004488987921108492e+04 1.229359685833958507e-21
7.039511432860713103e+04 1.581016290606322558e-21
7.074708990025015373e+04 1.808538150345005861e-21
7.110082534975139424e+04 1.902100499469275116e-21
7.145632947650013375e+04 2.288217907341785217e-21
7.181361112388262700e+04 1.965105765777192567e-21
7.217267917950203991e+04 1.880493249649251857e-21
7.253354257539953687e+04 2.069148571895067138e-21
7.289621028827653208e+04 1.990739294226110645e-21
7.326069133971790143e+04 2.252023738723905165e-21
7.362699479641648941e+04 2.254919329112165236e-21
7.399512977039856196e+04 2.558991896697816797e-21
7.436510541925055441e+04 2.402601982960577856e-21
7.473693094634680892e+04 2.282603890924026148e-21
7.511061560107851983e+04 2.574562818321150224e-21
7.548616867908390122e+04 2.298240949281789840e-21
7.586359952247931506e+04 2.653756366606670442e-21
7.624291752009170887e+04 2.538917379063535635e-21
7.662413210769215948e+04 2.693367765080338900e-21
7.700725276823060995e+04 2.782890461101163164e-21
7.739228903207175608e+04 3.427955800043199572e-21
7.777925047723211173e+04 3.157417706799252843e-21
7.816814672961825272e+04 3.302940949333325034e-21
7.855898746326634136e+04 2.882644153013226936e-21
7.895178240058265510e+04 3.323292461836469594e-21
7.934654131258555572e+04 3.153692978532070657e-21
7.974327401914849179e+04 3.008248264250814765e-21
8.014199038924420893e+04 3.623485959632540959e-21
8.054270034119042975e+04 3.129480654448169338e-21
8.094541384289636335e+04 3.902829062991367045e-21
8.135014091211084451e+04 3.606177774425284222e-21
8.175689161667138978e+04 1.544876660039543508e-21
8.216567607475473778e+04 3.627475691596110080e-21
8.257650445512851002e+04 3.266652645039704033e-21
8.298938697740413772e+04 2.003422217913337810e-21
8.340433391229115659e+04 2.023966491368505653e-21
8.382135558185260743e+04 3.807865044022197475e-21
8.424046235976186290e+04 4.980656094780392414e-21
8.466166467156064755e+04 3.974569149227078675e-21
8.508497299491844024e+04 4.454931348789918972e-21
8.551039785989304073e+04 4.783700228780389747e-21
8.593794984919248964e+04 4.930475174818819381e-21
8.636763959843842895e+04 4.260444068880405144e-21
8.679947779643061222e+04 4.595488082958229043e-21
8.723347518541275349e+04 4.682160183435657442e-21
8.766964256133983145e+04 4.963089504275794514e-21
8.810799077414651401e+04 4.713030103958748523e-21
8.854853072801722737e+04 5.393445742728180975e-21
8.899127338165730180e+04 5.384871341719901867e-21
8.943622974856558722e+04 6.032182378205774475e-21
8.988341089730840758e+04 6.437191930338380269e-21
9.033282795179492678e+04 4.811602882798118861e-21
9.078449209155389690e+04 4.827971743720379095e-21
9.123841455201165809e+04 6.773204032211465456e-21
9.169460662477170990e+04 6.490737269928774928e-21
9.215307965789556329e+04 7.363072501327925703e-21
9.261384505618501862e+04 7.441444249291880353e-21
9.307691428146594262e+04 7.156105020436819480e-21
9.354229885287326761e+04 7.875666989871578781e-21
9.401001034713760600e+04 7.582612101970551262e-21
9.448006039887330553e+04 7.186310530550896799e-21
9.495246070086765394e+04 8.165782405987667883e-21
9.542722300437199010e+04 7.858482849032387461e-21
9.590435911939383368e+04 7.590092960711327449e-21
9.638388091499079019e+04 5.444720254236577111e-21
9.686580031956573657e+04 7.457847346853700023e-21
9.735012932116354932e+04 7.275963704958269854e-21
9.783687996776936052e+04 8.145844969148686178e-21
9.832606436760819633e+04 6.486001509385161169e-21
9.881769468944621622e+04 5.940527846467125754e-21
9.931178316289343638e+04 7.352745512311041371e-21
9.980834207870787941e+04 7.683049068843583025e-21
1.003073837891014264e+05 6.883924797830233901e-21
1.008089207080469205e+05 7.511874080330382147e-21
1.013129653115871479e+05 7.319968229600911127e-21
1.018195301381450554e+05 7.343599913880631038e-21
1.023286277888357872e+05 7.432381951971191693e-21
1.028402709277799440e+05 7.027154953383276084e-21
1.033544722824188502e+05 5.639457764157301010e-21
1.038712446438309271e+05 7.687773166822128821e-21
1.043906008670500596e+05 8.042484934061404505e-21
1.049125538713853020e+05 8.227434843196992551e-21
1.054371166407422279e+05 8.054542491568271363e-21
1.059643022239459096e+05 7.410933214532025326e-21
1.064941237350656447e+05 7.915078814612914471e-21
1.070265943537409476e+05 7.602525468625766557e-21
1.075617273255096370e+05 6.821388219499930192e-21
1.080995359621371754e+05 7.103928750086535428e-21
1.086400336419478408e+05 6.771126521201074550e-21
1.091832338101575733e+05 7.872119629788294031e-21
1.097291499792083632e+05 7.197474523538147420e-21
1.102777957291043858e+05 6.531194131383511869e-21
1.108291847077498824e+05 7.622384206551284414e-21
1.113833306312886270e+05 7.885965855009699993e-21
1.119402472844450676e+05 7.400354939930361565e-21
1.124999485208672704e+05 6.678904957859065017e-21
1.130624482634715969e+05 8.549071538882442850e-21
1.136277605047889228e+05 6.809748187315314975e-21
1.141958993073128659e+05 7.965146799673301981e-21
1.147668788038494240e+05 7.720762840863477823e-21
1.153407131978686666e+05 7.453924674366416882e-21
1.159174167638579820e+05 6.359635997236889191e-21
1.164970038476772752e+05 7.020533573065081105e-21
1.170794888669156499e+05 8.590291639872574109e-21
1.176648863112502295e+05 6.747503248596105289e-21
1.182532107428064628e+05 6.478577726923062968e-21
1.188444767965204810e+05 7.040512753768271173e-21
1.194386991805030557e+05 8.414730961975222393e-21
1.200358926764055650e+05 6.225337686353602292e-21
1.206360721397875750e+05 7.755521793054928731e-21
1.212392525004864729e+05 8.031187993696010793e-21
1.218454487629888899e+05 7.882497246766660819e-21
1.224546760068037984e+05 7.629817964647811057e-21
1.230669493868378049e+05 7.111808523261925886e-21
1.236822841337719728e+05 7.557343350996023257e-21
1.243006955544408265e+05 6.695173154320975853e-21
1.249221990322130150e+05 6.340811321698111351e-21
1.255468100273740856e+05 6.780023557432860035e-21
1.261745440775109309e+05 6.055447520699632213e-21
1.268054167978984769e+05 8.301925192245934559e-21
1.274394438818879426e+05 5.383338208595829635e-21
1.280766411012973695e+05 7.198077572678546135e-21
1.287170243068038544e+05 4.866983224700926205e-21
1.293606094283378625e+05 7.775912227152133571e-21
1.300074124754795339e+05 6.922066202393451971e-21
1.306574495378569409e+05 6.557805937541993334e-21
1.313107367855462071e+05 6.250688786073748887e-21
1.319672904694739264e+05 7.720562260574367555e-21
1.326271269218212983e+05 6.934175132127711374e-21
1.332902625564303598e+05 7.531272901074309947e-21
1.339567138692125154e+05 5.811346102799514241e-21
1.346264974385585811e+05 6.182180510576074940e-21
1.352996299257513310e+05 5.502248123470597015e-21
1.359761280753800820e+05 4.580850194299400812e-21
1.366560087157569651e+05 5.466358202613753015e-21
1.373392887593357300e+05 7.965619124355637057e-21
1.380259852031323826e+05 8.297050954499152726e-21
1.387161151291480346e+05 7.604841623586839291e-21
1.394096957047937613e+05 4.775324596462609054e-21
1.401067441833176999e+05 7.859146882071152033e-21
1.408072779042343027e+05 1.200332934073460308e-20
1.415113142937554512e+05 1.204788356320972231e-20
1.422188708652241912e+05 8.276290588705688634e-21
1.429299652195503004e+05 1.059344534682987067e-20
1.436446150456480682e+05 9.092937859410660955e-21
1.443628381208762876e+05 1.000144344590639944e-20
1.450846523114806623e+05 9.146529806671242711e-21
1.458100755730380188e+05 9.307887601194191880e-21
1.465391259509031952e+05 6.905957240213554594e-21
1.472718215806577064e+05 9.699907413253461236e-21
1.480081806885609985e+05 1.002606218809104201e-20
1.487482215920037997e+05 8.592818912834086106e-21
1.494919626999637985e+05 2.277376429874521708e-21
1.502394225134635926e+05 1.033605560038878198e-20
1.509906196260309080e+05 9.953668832740906378e-21
1.517455727241610584e+05 1.052360837606202143e-20
1.525043005877818505e+05 1.169984055398496888e-20
1.532668220907207287e+05 1.020871892997930010e-20
1.540331562011743372e+05 1.098532374984875113e-20
1.548033219821801758e+05 1.247518289316090347e-20
1.555773385920910805e+05 1.264964779137925594e-20
1.563552252850515360e+05 1.324058014125411682e-20
1.571370014114767546e+05 1.323899307804527409e-20
1.579226864185341401e+05 1.321394117128411205e-20
1.587122998506267904e+05 1.193290909942054466e-20
1.595058613498799095e+05 1.422030519040077902e-20
1.603033906566293153e+05 1.477643331920102611e-20
1.611049076099124213e+05 8.727846529168966775e-21
1.619104321479619539e+05 1.533804880016502063e-20
1.627199843087017653e+05 1.333627679463068535e-20
1.635335842302452656e+05 1.128156823857918071e-20
1.643512521513964457e+05 1.348567745777352042e-20
1.651730084121534310e+05 1.098792799999200506e-20
1.659988734542141610e+05 1.535589863969355492e-20
1.668288678214852116e+05 1.415862983712549833e-20
1.676630121605926252e+05 1.122978927426750604e-20
1.685013272213955934e+05 1.104264000289811876e-20
1.693438338575025555e+05 1.434713851303550919e-20
1.701905530267900322e+05 1.229075960027597952e-20
1.710415057919239916e+05 1.553967915232919479e-20
1.718967133208835730e+05 1.374246429836889016e-20
1.727561968874879531e+05 1.133510221449113728e-20
1.736199778719253954e+05 1.555762228480010559e-20
1.744880777612850070e+05 1.363951626602714697e-20
1.753605181500914041e+05 1.417406402851159643e-20
1.762373207408418530e+05 1.655934674139938641e-20
1.771185073445460584e+05 1.576463357036614992e-20
1.780040998812687758e+05 1.466778330898181847e-20
1.788941203806751291e+05 1.514208942882273079e-20
1.797885909825784620e+05 1.318552950456418321e-20
1.806875339374913019e+05 1.311544311853076230e-20
1.815909716071787698e+05 1.472320699619358312e-20
1.824989264652146085e+05 1.627471148572329958e-20
1.834114210975406459e+05 1.601945551362587657e-20
1.843284782030283532e+05 1.768311099989080315e-20
1.852501205940434593e+05 1.575309284811557356e-20
1.861763711970136501e+05 1.368626863231072297e-20
1.871072530529987125e+05 1.633076122312382858e-20
1.880427893182636763e+05 1.440593940480145658e-20
1.889830032648549532e+05 1.610033870412593333e-20
1.899279182811791834e+05 1.637297719228630474e-20
1.908775578725850501e+05 1.500697463588755622e-20
1.918319456619479752e+05 1.670760134100094281e-20
1.927911053902576969e+05 1.565879445928223599e-20
1.937550609172089607e+05 1.449786613469607428e-20
1.947238362217950053e+05 1.579499761547457903e-20
1.956974554029039573e+05 1.616854170471745968e-20
1.966759426799184293e+05 1.520384961391812479e-20
1.976593223933179979e+05 1.516627108157653954e-20
1.986476190052845632e+05 1.886715937636581836e-20
1.996408571003109973e+05 2.021540727357076613e-20
2.006390613858125289e+05 2.222880615296219458e-20
2.016422566927415901e+05 2.721414041890282428e-20
2.026504679762052547e+05 1.534194693031909423e-20
2.036637203160862555e+05 2.799097816159071563e-20
2.046820389176666795e+05 1.451155488140151775e-20
2.057054491122549807e+05 2.858929494256863331e-20
2.067339763578162529e+05 2.814067576207276685e-20
2.077676462396052666e+05 2.326343964883580786e-20
2.088064844708032906e+05 3.157284352718543365e-20
2.098505168931572989e+05 1.706832370458315377e-20
2.108997694776230201e+05 3.055082289394540639e-20
2.119542683250111295e+05 1.920237993575535188e-20
2.130140396666361485e+05 3.374592509828111448e-20
2.140791098649693304e+05 3.508614600469550228e-20
2.151495054142941372e+05 3.402187428736423118e-20
2.162252529413656157e+05 3.478116803401450865e-20
2.173063792060723645e+05 3.448692250360957762e-20
2.183929111021027202e+05 2.770736915097406608e-20
2.194848756576132146e+05 3.207604815757877614e-20
2.205823000359012804e+05 3.468330329749458272e-20
2.216852115360807511e+05 3.408226522624795082e-20
2.227936375937611447e+05 3.352086940462951168e-20
2.239076057817299443e+05 3.289041635414570857e-20
2.250271438106385176e+05 3.579121194826744650e-20
2.261522795296917029e+05 3.457998920229621073e-20
2.272830409273401019e+05 3.285517258075795307e-20
2.284194561319767963e+05 3.363926817536832608e-20
2.295615534126366838e+05 2.966932141587180962e-20
2.307093611796998302e+05 2.666210611027678341e-20
2.318629079855983146e+05 2.777888154380170344e-20
2.330222225255263038e+05 3.310011116577770042e-20
2.341873336381539411e+05 3.333435902912680716e-20
2.353582703063447261e+05 3.573878381247762789e-20
2.365350616578763875e+05 3.268532743010797609e-20
2.377177369661657722e+05 3.350173413133200607e-20
2.389063256509965868e+05 3.442887864810148139e-20
2.401008572792515042e+05 3.457711103055012975e-20
2.413013615656477632e+05 3.453929474209249958e-20
2.425078683734759397e+05 3.451131442722257254e-20
2.437204077153432299e+05 3.518626317236068710e-20
2.449390097539199633e+05 3.400652759722489648e-20
2.461637048026894918e+05 3.497584914657323692e-20
2.473945233267029107e+05 3.404425825472953969e-20
2.486314959433363983e+05 3.484888914519007987e-20
2.498746534230530669e+05 3.435944082281124805e-20
2.511240266901683062e+05 3.301292231087024711e-20
2.523796468236191140e+05 3.358562455770316678e-20
2.536415450577372103e+05 3.358768943290002362e-20
2.549097527830258769e+05 3.397737877865787207e-20
2.561843015469409584e+05 3.409325757340492740e-20
2.574652230546756764e+05 3.320141217014643194e-20
2.587525491699490231e+05 2.938958587164659856e-20
2.600463119157987239e+05 2.977120791857415729e-20
2.613465434753776935e+05 3.265461741079497537e-20
2.626532761927545071e+05 3.126118206359429106e-20
2.639665425737182959e+05 3.372962397552223293e-20
2.652863752865868737e+05 3.350892236842318608e-20
2.666128071630197810e+05 3.215422975090925518e-20
2.679458711988348514e+05 3.179193583579954990e-20
2.692856005548289977e+05 3.111145328850940917e-20
2.706320285576031310e+05 3.166826644489953509e-20
2.719851887003910961e+05 3.022855729049757605e-20
2.733451146438930300e+05 3.039276558943626211e-20
2.747118402171124471e+05 3.067468490758085254e-20
2.760853994181979797e+05 3.124725342977608804e-20
2.774658264152889606e+05 3.085677357542993716e-20
2.788531555473653716e+05 2.944537164825809767e-20
2.802474213251021574e+05 3.043363995035196421e-20
2.816486584317276138e+05 3.044888634194606306e-20
2.830569017238861998e+05 3.100978684390344193e-20
2.844721862325055990e+05 3.068235147558804109e-20
2.858945471636680886e+05 3.141226328192515081e-20
2.873240198994864477e+05 3.082200777097508909e-20
2.887606399989838246e+05 2.996804885542907541e-20
2.902044431989787263e+05 3.091999847701142226e-20
2.916554654149735579e+05 3.028434521531591481e-20
2.931137427420484019e+05 2.989587665230753726e-20
2.945793114557586377e+05 3.009142106487063415e-20
2.960522080130373943e+05 3.023915862258755122e-20
2.975324690531024826e+05 2.964618448308149516e-20
2.990201313983679865e+05 3.007918672700621303e-20
3.005152320553598111e+05 2.936842566307670381e-20
3.020178082156365854e+05 2.841412357416241101e-20
3.035278972567146993e+05 2.918803520651072043e-20
3.050455367429982871e+05 2.930056452730131509e-20
3.065707644267132273e+05 2.874948211879703237e-20
3.081036182488467311e+05 2.898493353663293075e-20
3.096441363400908886e+05 2.850559842360313765e-20
3.111923570217913366e+05 2.887548156825397601e-20
3.127483188069002936e+05 2.850093573530573974e-20
3.143120604009347153e+05 2.718505386248962031e-20
3.158836207029393408e+05 2.807033395648196028e-20
3.174630388064539875e+05 2.779428813173607442e-20
3.190503540004862007e+05 2.806584992694505272e-20
3.206456057704886189e+05 2.765687505781834799e-20
3.222488337993410532e+05 2.766964603429532165e-20
3.238600779683376895e+05 2.797445409706416463e-20
3.254793783581793541e+05 2.606753886865965005e-20
3.271067752499702619e+05 2.740505248833980156e-20
3.287423091262200614e+05 2.588556078740903171e-20
3.303860206718511181e+05 2.695137653527967169e-20
3.320379507752103382e+05 2.668349155893982502e-20
3.336981405290863477e+05 2.566879473919794141e-20
3.353666312317317352e+05 2.677542814978301555e-20
3.370434643878904171e+05 2.567932903290156106e-20
3.387286817098297761e+05 2.613785039588340173e-20
3.404223251183788525e+05 2.591019465690715982e-20
3.421244367439707275e+05 2.571920507695717897e-20
3.438350589276905521e+05 2.601782448577124392e-20
3.455542342223289888e+05 2.550838566769469763e-20
3.472820053934405441e+05 2.514922899868530904e-20
3.490184154204077786e+05 2.392806076810347445e-20
3.507635074975097086e+05 2.354124058753591222e-20
3.525173250349972514e+05 2.399643156479819700e-20
3.542799116601722199e+05 2.422066423616725300e-20
3.560513112184730708e+05 2.420699506048118806e-20
3.578315677745654248e+05 2.413720804118113257e-20
3.596207256134381751e+05 2.385866062887935983e-20
3.614188292415053584e+05 2.407012408984332108e-20
3.632259233877127990e+05 2.374671138156001394e-20
3.650420530046513886e+05 2.351550137755049743e-20
3.668672632696746150e+05 2.359435014038955451e-20
3.687015995860229013e+05 2.318216782130435382e-20
3.705451075839530095e+05 2.319945977330475934e-20
3.723978331218727399e+05 2.318579178609953968e-20
3.742598222874820931e+05 2.241328949128142709e-20
3.761311213989194366e+05 2.275571485773776395e-20
3.780117770059139584e+05 2.219356970135566161e-20
3.799018358909435337e+05 2.234136234255958631e-20
3.818013450703981798e+05 2.265807927353634914e-20
3.837103517957500881e+05 2.236618946255800975e-20
3.856289035547288950e+05 2.269145997676937950e-20
3.875570480725024245e+05 2.266756224180164261e-20
3.894948333128649392e+05 2.233629001321113119e-20
3.914423074794292334e+05 2.238993501413253684e-20
3.933995190168262925e+05 2.255630583539569336e-20
3.953665166119103087e+05 2.198290377630121603e-20
3.973433491949698655e+05 2.225590084507565473e-20
3.993300659409447107e+05 2.224264629980301149e-20
4.013267162706493400e+05 2.199023677780318952e-20
4.033333498520025751e+05 2.186013697494113905e-20
4.053500166012625559e+05 2.181928491315284474e-20
4.073767666842688341e+05 2.150896082404980888e-20
4.094136505176901119e+05 2.140060034608853773e-20
4.114607187702785595e+05 2.077151097705810156e-20
4.135180223641298944e+05 2.105421893979870727e-20
4.155856124759505037e+05 2.090825336922386746e-20
4.176635405383302132e+05 2.044806737138858059e-20
4.197518582410217496e+05 2.061990090477369496e-20
4.218506175322268391e+05 2.011041505947470510e-20
4.239598706198879518e+05 1.989674285473251315e-20
4.260796699729873217e+05 2.007268650960121687e-20
4.282100683228522539e+05 1.986310966943214428e-20
4.303511186644664267e+05 1.974595749473907562e-20
4.325028742577887024e+05 1.983992005906698634e-20
4.346653886290776427e+05 1.946069130215408268e-20
4.368387155722229509e+05 1.941629296917784782e-20
4.390229091500840150e+05 1.810859704498396661e-20
4.412180236958343303e+05 1.894119101279560887e-20
4.434241138143134303e+05 1.918254093765047067e-20
4.456412343833850464e+05 1.933402205703451438e-20
4.478694405553018441e+05 1.900542790300875206e-20
4.501087877580782515e+05 1.864235779732808099e-20
4.523593316968686413e+05 1.923584695864274390e-20
4.546211283553529065e+05 1.916422395626187848e-20
4.568942339971295442e+05 1.893072570267431729e-20
4.591787051671152003e+05 1.818942580021185528e-20
4.614745986929507344e+05 1.788127928040348869e-20
4.637819716864154325e+05 1.807931455270074344e-20
4.661008815448474488e+05 1.775159790164234770e-20
4.684313859525716398e+05 1.828118407892852756e-20
4.707735428823344409e+05 1.805657916360026739e-20
4.731274105967460200e+05 1.676489881104495457e-20
4.754930476497297059e+05 1.786729711662725467e-20
4.778705128879783442e+05 1.786190907872701556e-20
4.802598654524181620e+05 1.657394592283853815e-20
4.826611647796801990e+05 1.740213988162094960e-20
4.850744706035784911e+05 1.728672080523047549e-20
4.874998429565964034e+05 1.735632762366572256e-20
4.899373421713792486e+05 1.708548433462834203e-20
4.923870288822362199e+05 1.537898304146587591e-20
4.948489640266472707e+05 1.661958153528671855e-20
4.973232088467805297e+05 1.660544255814043742e-20
4.998098248910143739e+05 1.646676192611038499e-20
5.023088740154693951e+05 1.632116440576674658e-20
5.048204183855467127e+05 1.615422471716097478e-20
5.073445204774744343e+05 1.590442616925022216e-20
5.098812430798617424e+05 1.521300205087245489e-20
5.124306492952609551e+05 1.591324459067195145e-20
5.149928025417372119e+05 1.568531424776725070e-20
5.175677665544458432e+05 1.564238954077290567e-20
5.201556053872180637e+05 1.531762581996591816e-20
5.227563834141540574e+05 1.538460411155802059e-20
5.253701653312247945e+05 1.534595229752043739e-20
5.279970161578808911e+05 1.520230994452790292e-20
5.306370012386700837e+05 1.515016144408360118e-20
5.332901862448634347e+05 1.485597029171357854e-20
5.359566371760877082e+05 1.433063254948473384e-20
5.386364203619682230e+05 1.429955170340631209e-20
5.413296024637779919e+05 1.431441660647267002e-20
5.440362504760967568e+05 1.414537373933654446e-20
5.467564317284772405e+05 1.417545432139913130e-20
5.494902138871195493e+05 1.418549333300067993e-20
5.522376649565551197e+05 1.403799120604366889e-20
5.549988532813378843e+05 1.368067024021267080e-20
5.577738475477445172e+05 1.363790651072763985e-20
5.605627167854831787e+05 1.355895821730070504e-20
5.633655303694105241e+05 1.345116545300528276e-20
5.661823580212575616e+05 1.341907357518488929e-20
5.690132698113637744e+05 1.312489664901319227e-20
5.718583361604205566e+05 1.312253936165497821e-20
5.747176278412225656e+05 1.309331460188789173e-20
5.775912159804287367e+05 1.274842511774439627e-20
5.804791720603307476e+05 1.237950952794581374e-20
5.833815679206323111e+05 1.195660658926796956e-20
5.862984757602353347e+05 1.182228116975139984e-20
5.892299681390365586e+05 1.193039119471410665e-20
5.921761179797316436e+05 1.196956290179811635e-20
5.951369985696302028e+05 1.201004675973006998e-20
5.981126835624782834e+05 1.199149003446105808e-20
6.011032469802906271e+05 1.183998508428267475e-20
6.041087632151921280e+05 1.160609317988909287e-20
6.071293070312680211e+05 1.141692084949198170e-20
6.101649535664243158e+05 1.120787933384473114e-20
6.132157783342563780e+05 1.149811996381993379e-20
6.162818572259276407e+05 1.140689507170165566e-20
6.193632665120570455e+05 1.134889790285687588e-20
6.224600828446173109e+05 1.108743175659145730e-20
6.255723832588403020e+05 1.087332179668968312e-20
6.287002451751345070e+05 1.083245436330064853e-20
6.318437464010100812e+05 1.068971409555744854e-20
6.350029651330150664e+05 1.065922538720737732e-20
6.381779799586801091e+05 1.021030308142512079e-20
6.413688698584734229e+05 1.049077176652476291e-20
6.445757142077656463e+05 9.987477791915819641e-21
6.477985927788044792e+05 1.022846079586531787e-20
6.510375857426984003e+05 1.032100602969310659e-20
6.542927736714119092e+05 1.013598157938525149e-20
6.575642375397688011e+05 9.896801174226340055e-21
6.608520587274676654e+05 9.965566848059021205e-21
6.641563190211048350e+05 9.673976627387519168e-21
6.674771006162102567e+05 9.647470133272003167e-21
6.708144861192912795e+05 9.531398327939945443e-21
6.741685585498877335e+05 9.618862592676676263e-21
6.775394013426370220e+05 9.554245827060908988e-21
6.809270983493501553e+05 9.364606176036769350e-21
6.843317338410967495e+05 9.013656591204772112e-21
6.877533925103022484e+05 9.310931939307767686e-21
6.911921594728536438e+05 9.269027970735431900e-21
6.946481202702177688e+05 9.363998185618133321e-21
6.981213608715687878e+05 9.117675126763104376e-21
7.016119676759266295e+05 9.061846665069003993e-21
7.051200275143061299e+05 9.014794224570505621e-21
7.086456276518777013e+05 8.806526101441974127e-21
7.121888557901368476e+05 8.704210902171938308e-21
7.157498000690875342e+05 8.885832032060139836e-21
7.193285490694328910e+05 8.892492421978733263e-21
7.229251918147800025e+05 8.710747065844655463e-21
7.265398177738538943e+05 8.474557857258533757e-21
7.301725168627230451e+05 8.603720136236371924e-21
7.338233794470365392e+05 8.492545134058154202e-21
7.374924963442715816e+05 8.500222628265881758e-21
7.411799588259928860e+05 8.435987283479947831e-21
7.448858586201227736e+05 8.177401545333904683e-21
7.486102879132232629e+05 8.197774464372520758e-21
7.523533393527893350e+05 7.724268130309370544e-21
7.561151060495532583e+05 7.725384374631174677e-21
7.598956815798010211e+05 7.906272305171334713e-21
7.636951599876999389e+05 7.743539702060565445e-21
7.675136357876383699e+05 7.907231192198124541e-21
7.713512039665763732e+05 7.529673595967893888e-21
7.752079599864091724e+05 7.348067396755754655e-21
7.790839997863409808e+05 7.593325975353501273e-21
7.829794197852727957e+05 7.214316209677180847e-21
7.868943168841990409e+05 7.216330283926150544e-21
7.908287884686199250e+05 7.373877421022594824e-21
7.947829324109629961e+05 7.304193564109102692e-21
7.987568470730177360e+05 7.326240259013817815e-21
8.027506313083827263e+05 7.142465461719868071e-21
8.067643844649244566e+05 6.920321020970024172e-21
8.107982063872490544e+05 7.381994273215576927e-21
8.148521974191851914e+05 7.274193476161138239e-21
8.189264584062809590e+05 6.905492154036183686e-21
8.230210906983122695e+05 7.105217495166765584e-21
8.271361961518039461e+05 6.924142333624433464e-21
8.312718771325628040e+05 6.803443476967572613e-21
8.354282365182256326e+05 6.953059693627371338e-21
8.396053777008166071e+05 6.767565601312858550e-21
8.438034045893207658e+05 6.618321103595399910e-21
8.480224216122671496e+05 6.882466383072034900e-21
8.522625337203283561e+05 6.852078246940493472e-21
8.565238463889297564e+05 6.774673387965312395e-21
8.608064656208745437e+05 6.658781358450902035e-21
8.651104979489787947e+05 6.495895116747876510e-21
8.694360504387236433e+05 6.689162200067875799e-21
8.737832306909171166e+05 6.637320637069407855e-21
8.781521468443715712e+05 6.577099848866009575e-21
8.825429075785933528e+05 6.272995721219050226e-21
8.869556221164860763e+05 6.267335198744903896e-21
8.913904002270684578e+05 6.651063663591694485e-21
8.958473522282036720e+05 6.167160972671914318e-21
9.003265889893446583e+05 6.288382924466758938e-21
9.048282219342911849e+05 6.337697994657595401e-21
9.093523630439627450e+05 6.192476787376548353e-21
9.138991248591823969e+05 6.328590909923618139e-21
9.184686204834782984e+05 6.079861184653353958e-21
9.230609635858954862e+05 5.983280966576253758e-21
9.276762684038248844e+05 5.977503571683571535e-21
9.323146497458439553e+05 5.804260575128125965e-21
9.369762229945730651e+05 6.048008623935983256e-21
9.416611041095457040e+05 5.685256618745689928e-21
9.463694096300932579e+05 5.470139046444870457e-21
9.511012566782436334e+05 5.724277783832965019e-21
9.558567629616346676e+05 4.950135452477261518e-21
9.606360467764426721e+05 5.417706667953892320e-21
9.654392270103248302e+05 5.316617431280094720e-21
9.702664231453763787e+05 5.194764279893743933e-21
9.751177552611030405e+05 4.672227099675905327e-21
9.799933440374083584e+05 4.484759653387621408e-21
9.848933107575953472e+05 5.079472632385968748e-21
9.898177773113830481e+05 4.983488982630746801e-21
9.947668661979399621e+05 4.675448714249815429e-21
9.997407005289294757e+05 4.501131720725433763e-21
1.004739404031573911e+06 4.560175180785431108e-21
1.009763101051731734e+06 4.326460008776198598e-21
1.014811916556990473e+06 4.782871014841310668e-21
1.019885976139775245e+06 4.561922872507481552e-21
1.024985406020474155e+06 4.503965354857833928e-21
1.030110333050576504e+06 4.706573547276149353e-21
1.035260884715829277e+06 4.154722492165373306e-21
1.040437189139408292e+06 4.194241617678763363e-21
1.045639375085105305e+06 4.406404931477517389e-21
1.050867571960530709e+06 4.397349779874761334e-21
1.056121909820333123e+06 3.825085122921813704e-21
1.061402519369434798e+06 4.103697004834284342e-21
1.066709531966281822e+06 3.855103475646012925e-21
1.072043079626112944e+06 4.182000189979973805e-21
1.077403295024243416e+06 4.123406447109043042e-21
1.082790311499364441e+06 3.837463120526719184e-21
1.088204263056861237e+06 3.601259744222809620e-21
1.093645284372145310e+06 3.657562367139970778e-21
1.099113510794006055e+06 3.454269022108005945e-21
1.104609078347975854e+06 3.410642108313637250e-21
1.110132123739715666e+06 3.571144765896047644e-21
1.115682784358414123e+06 3.630741971871407204e-21
1.121261198280205950e+06 3.448642956586948354e-21
1.126867504271606682e+06 3.462507323242836939e-21
1.132501841792964609e+06 3.397490643271621484e-21
1.138164351001929492e+06 3.378747795978264229e-21
1.143855172756938962e+06 3.200290014232112656e-21
1.149574448620723560e+06 3.271705233870212108e-21
1.155322320863827132e+06 3.143096681918597813e-21
1.161098932468146086e+06 3.011745592796613932e-21
1.166904427130486583e+06 2.886593860443107926e-21
1.172738949266138952e+06 2.712029632873151602e-21
1.178602644012469565e+06 2.612976050334425226e-21
1.184495657232531812e+06 2.768248346946079730e-21
1.190418135518694296e+06 2.825731310910533179e-21
1.196370226196287666e+06 2.818668000004005894e-21
1.202352077327268664e+06 2.622033145634272896e-21
1.208363837713905144e+06 2.566190288957245825e-21
1.214405656902474351e+06 2.534494007001881889e-21
1.220477685186986811e+06 2.459723172067719834e-21
1.226580073612921638e+06 2.536841601216855021e-21
1.232712973980986048e+06 2.798456042356675939e-21
1.238876538850890938e+06 2.349480392545491450e-21
1.245070921545145335e+06 2.752696022322405043e-21
1.251296276152870851e+06 2.440532944325572193e-21
1.257552757533635013e+06 2.293108656833151951e-21
1.263840521321303211e+06 2.510066051889391491e-21
1.270159723927909276e+06 2.233271389855644620e-21
1.276510522547548870e+06 2.401891247402325765e-21
1.282893075160286389e+06 2.262103988053676731e-21
1.289307540536087705e+06 1.923931066449835017e-21
1.295754078238768037e+06 1.927893447606361038e-21
1.302232848629961722e+06 1.929566293819602248e-21
1.308744012873111526e+06 1.802910765301397916e-21
1.315287732937476831e+06 1.774415048345586841e-21
1.321864171602163929e+06 1.613654034051659313e-21
1.328473492460174952e+06 1.547477025772136795e-21
1.335115859922475647e+06 1.527356369778245411e-21
1.341791439222087851e+06 1.445633618340956230e-21
1.348500396418198012e+06 1.490301383060289284e-21
1.355242898400288774e+06 1.427201410067412821e-21
1.362019112892290344e+06 1.496372096888275957e-21
1.368829208456751658e+06 1.472389927100886312e-21
1.375673354499035049e+06 1.531762595098275993e-21
1.382551721271530259e+06 1.497475811683322970e-21
1.389464479877887759e+06 1.590560852183828358e-21
1.396411802277276758e+06 1.551481381923078694e-21
1.403393861288663233e+06 1.675975132844602040e-21
1.410410830595106352e+06 1.543907650240354462e-21
1.417462884748081677e+06 1.674988339599103776e-21
1.424550199171821820e+06 1.628868021381716863e-21
1.431672950167680625e+06 1.449545169617444739e-21
1.438831314918518998e+06 1.571869922121334495e-21
1.446025471493111458e+06 1.486254123110749934e-21
1.453255598850576673e+06 1.660921478931245627e-21
1.460521876844829414e+06 1.663384962481246297e-21
1.467824486229053698e+06 1.633506954777827985e-21
1.475163608660198748e+06 1.529093631155655609e-21
1.482539426703499630e+06 1.597244045300944437e-21
1.489952123837016989e+06 1.621105910758539952e-21
1.497401884456201922e+06 1.513098863528891960e-21
1.504888893878482748e+06 1.530313791612160120e-21
1.512413338347874815e+06 1.394187994521399779e-21
1.519975405039614066e+06 1.261345704745154149e-21
1.527575282064812258e+06 1.431165811130887849e-21
1.535213158475136152e+06 1.354433254027750401e-21
1.542889224267511396e+06 1.242714972587692748e-21
1.550603670388848986e+06 1.294638835638356517e-21
1.558356688740793150e+06 1.132200629107983093e-21
1.566148472184496699e+06 1.086545291584858513e-21
1.573979214545418974e+06 9.942244181531942328e-22
1.581849110618146136e+06 9.518541046128627878e-22
1.589758356171236606e+06 9.131257402000276202e-22
1.597707147952092579e+06 8.838157778698912877e-22
1.605695683691852959e+06 8.721345934685702390e-22
1.613724162110312376e+06 8.432924395332825342e-22
1.621792782920863479e+06 8.270511347503106016e-22
1.629901746835467638e+06 8.240738492336367248e-22
1.638051255569644738e+06 8.199572929018396168e-22
1.646241511847493006e+06 8.063144046017747131e-22
1.654472719406730030e+06 7.971598813831843279e-22
1.662745083003763575e+06 7.861724955980707090e-22
1.671058808418782195e+06 7.656809005669013596e-22
1.679414102460876107e+06 7.588405029756969339e-22
1.687811172973180423e+06 7.433740600973126516e-22
1.696250228838046081e+06 7.380854624408109009e-22
1.704731479982235935e+06 7.440323583900928651e-22
1.713255137382146902e+06 7.376655800015085654e-22
1.721821413069057511e+06 7.370489971771171153e-22
1.730430520134402672e+06 7.650158635016637275e-22
1.739082672735074302e+06 8.390065670176886608e-22
1.747778086098749423e+06 9.240441700712034835e-22
1.756516976529243169e+06 9.909443264115597182e-22
1.765299561411889270e+06 1.042043234271694470e-21
1.774126059218948241e+06 9.289450205212054749e-22
1.782996689515042817e+06 8.157591188067335425e-22
1.791911672962617595e+06 7.959632115148940013e-22
1.800871231327430578e+06 7.469842576455612676e-22
1.809875587484067306e+06 7.494795830550687084e-22
1.818924965421487577e+06 7.703789405597365871e-22
1.828019590248594526e+06 7.860906458889074741e-22
1.837159688199837459e+06 7.889065819966965686e-22
1.846345486640836112e+06 7.386017756419164889e-22
1.855577214074040530e+06 7.398680229078427174e-22
1.864855100144410739e+06 7.002652393593955628e-22
1.874179375645132270e+06 7.101066323455069932e-22
1.883550272523357999e+06 6.903864999664811474e-22
1.892968023885974661e+06 6.451765484319501082e-22
1.902432864005404525e+06 6.685864153504668589e-22
1.911945028325431049e+06 6.544686006729779130e-22
1.921504753467057599e+06 6.548469642835525921e-22
1.931112277234392706e+06 6.247710570150466590e-22
1.940767838620564668e+06 5.925596346140235800e-22
1.950471677813667106e+06 5.710569646101345271e-22
1.960224036202735268e+06 5.611131319067776979e-22
1.970025156383748632e+06 5.353164016605030646e-22
1.979875282165667042e+06 5.130289809062492019e-22
1.989774658576495480e+06 4.937631831718732459e-22
1.999723531869377475e+06 4.640806724034985540e-22
2.009722149528724607e+06 4.477587926947854167e-22
2.019770760276367655e+06 4.376225697344982933e-22
2.029869614077749429e+06 4.279226019409835198e-22
2.040018962148138089e+06 4.141577126150647974e-22
2.050219056958878646e+06 4.088487730739432297e-22
2.060470152243672870e+06 4.029174586512983359e-22
2.070772503004891099e+06 3.973186749501902722e-22
2.081126365519915475e+06 3.909562170193440063e-22
2.091531997347514611e+06 3.900555196823052683e-22
2.101989657334251795e+06 3.893888718891134389e-22
2.112499605620922986e+06 3.875865238243465790e-22
2.123062103649027646e+06 3.867233166065662745e-22
2.133677414167272393e+06 3.814427153682343322e-22
2.144345801238108426e+06 3.740969189010287248e-22
2.155067530244299211e+06 3.810758069503732318e-22
2.165842867895520292e+06 3.831204326398880906e-22
2.176672082234997302e+06 3.846900650748447498e-22
2.187555442646172363e+06 3.930706962496504946e-22
2.198493219859402627e+06 3.895062704042910229e-22
2.209485685958699323e+06 3.642925738079388716e-22
2.220533114388492890e+06 3.593067464487137750e-22
2.231635779960435349e+06 3.756072105190447414e-22
2.242793958860237151e+06 3.677421712983735214e-22
2.254007928654538002e+06 3.718795330166578020e-22
2.265277968297810294e+06 3.744209369676426360e-22
2.276604358139299322e+06 3.711959132083513903e-22
2.287987379929995630e+06 3.533388576661880132e-22
2.299427316829645075e+06 3.363686334319179254e-22
2.310924453413792886e+06 3.262925833088878478e-22
2.322479075680862181e+06 2.986642526140294032e-22
2.334091471059266012e+06 2.883551190580920544e-22
2.345761928414561786e+06 2.806077533434632073e-22
2.357490738056634553e+06 2.907256081107110827e-22
2.369278191746917553e+06 2.891927545988000946e-22
2.381124582705652341e+06 2.761444482792843521e-22
2.393030205619180109e+06 2.777913076574112805e-22
2.404995356647275388e+06 2.750348525113589739e-22
2.417020333430511877e+06 2.552221392368902103e-22
2.429105435097664129e+06 2.338715850638633146e-22
2.441250962273152079e+06 2.261513440423501954e-22
2.453457217084517702e+06 2.239406878660964024e-22
2.465724503169939388e+06 2.230676881556111022e-22
2.478053125685789157e+06 2.240515865169454364e-22
2.490443391314217821e+06 2.176900246775270252e-22
2.502895608270788565e+06 2.072380117707023580e-22
2.515410086312142201e+06 2.084301726646675222e-22
2.527987136743702926e+06 2.139782601363325124e-22
2.540627072427421343e+06 2.091198136067701850e-22
2.553330207789557986e+06 2.017901513622409692e-22
2.566096858828505035e+06 1.953117773880244145e-22
2.578927343122647610e+06 1.938588666658660332e-22
2.591821979838260449e+06 1.900484473476789770e-22
2.604781089737451635e+06 1.875153929893516436e-22
2.617804995186138432e+06 1.831651401489428261e-22
2.630894020162068773e+06 1.804525823913945281e-22
2.644048490262879059e+06 1.722290588516171396e-22
2.657268732714192942e+06 1.667041924183206167e-22
2.670555076377763879e+06 1.697926725968107233e-22
2.683907851759652607e+06 1.653435820262350463e-22
2.697327391018450726e+06 1.597562464128260349e-22
2.710814027973542921e+06 1.599713373611135711e-22
2.724368098113410175e+06 1.616912330923390965e-22
2.737989938603976741e+06 1.617729077235465647e-22
2.751679888296995778e+06 1.627920739298881376e-22
2.765438287738480605e+06 1.629845835338360263e-22
2.779265479177172296e+06 1.618761853828425143e-22
2.793161806573058013e+06 1.632567872233557975e-22
2.807127615605923347e+06 1.620470286187219542e-22
2.821163253683952615e+06 1.605873637005352432e-22
2.835269069952372462e+06 1.556600898226770765e-22
2.849445415302133653e+06 1.492203811276318312e-22
2.863692642378644086e+06 1.462104905179009820e-22
2.878011105590537190e+06 1.434096979099284538e-22
2.892401161118489690e+06 1.435860252828594077e-22
2.906863166924081743e+06 1.428135091867266560e-22
2.921397482758701779e+06 1.420176176428468392e-22
2.936004470172494650e+06 1.419752116028416670e-22
2.950684492523357272e+06 1.437786660036633466e-22
2.965437914985973388e+06 1.450870778069846896e-22
2.980265104560903274e+06 1.463277798003142582e-22
2.995166430083707906e+06 1.489970138195534912e-22
3.010142262234125286e+06 1.522109077573236589e-22
3.025192973545295652e+06 1.529364537257103511e-22
3.040318938413022086e+06 1.551520235572348343e-22
3.055520533105086535e+06 1.508930420320040496e-22
3.070798135770611465e+06 1.447964871420429280e-22
3.086152126449464820e+06 1.424189973683674087e-22
3.101582887081711553e+06 1.394175873604269853e-22
3.117090801517120097e+06 1.378979387299592133e-22
3.132676255524705164e+06 1.365904774326000531e-22
3.148339636802328285e+06 1.350046515963263509e-22
3.164081334986339789e+06 1.338304701924880245e-22
3.179901741661271080e+06 1.371505481828050793e-22
3.195801250369577203e+06 1.411630483386472256e-22
3.211780256621425040e+06 1.462549200960872437e-22
3.227839157904531807e+06 1.591466864026509771e-22
3.243978353694054298e+06 1.737811307018113319e-22
3.260198245462524239e+06 2.021900472108752194e-22
3.276499236689836718e+06 2.327834489659043225e-22
3.292881732873285189e+06 2.782645722934320386e-22
3.309346141537651420e+06 3.058588581257913469e-22
3.325892872245339677e+06 3.020759807705672366e-22
3.342522336606565863e+06 2.763797626113314085e-22
3.359234948289598338e+06 2.292083888000290518e-22
3.376031123031045310e+06 1.941997296752996461e-22
3.392911278646200895e+06 1.677270482328824936e-22
3.409875835039431229e+06 1.506910196876669297e-22
3.426925214214628097e+06 1.359739667310818687e-22
3.444059840285700746e+06 1.294258471333339889e-22
3.461280139487129170e+06 1.240629800757833386e-22
3.478586540184563957e+06 1.223849432184145988e-22
3.495979472885486670e+06 1.201948157715731971e-22
3.513459370249914005e+06 1.180097099671937953e-22
3.531026667101163417e+06 1.170007541845069257e-22
3.548681800436668564e+06 1.179042539677473076e-22
3.566425209438851569e+06 1.183661951450731658e-22
3.584257335486044642e+06 1.168151456677427923e-22
3.602178622163475491e+06 1.153825271695442741e-22
3.620189515274292324e+06 1.132309548730741880e-22
3.638290462850663345e+06 1.119729787423599641e-22
3.656481915164916310e+06 1.104693697282208164e-22
3.674764324740740471e+06 1.087942302491122351e-22
3.693138146364444401e+06 1.073535783246270967e-22
3.711603837096266448e+06 1.076249073227291103e-22
3.730161856281747110e+06 1.090443832531910432e-22
3.748812665563154966e+06 1.105850650314826368e-22
3.767556728890970349e+06 1.127113632957434011e-22
3.786394512535423972e+06 1.155645490633361876e-22
3.805326485098101199e+06 1.193587707012553131e-22
3.824353117523591500e+06 1.232120185404117032e-22
3.843474883111209609e+06 1.295308945784625024e-22
3.862692257526764646e+06 1.368033960035467565e-22
3.882005718814398162e+06 1.450499737414192191e-22
3.901415747408470139e+06 1.530400249136265457e-22
3.920922826145512052e+06 1.647010892990136312e-22
3.940527440276239067e+06 1.777235936041218274e-22
3.960230077477619518e+06 1.953761172150279771e-22
3.980031227865007240e+06 2.173734034795131517e-22
3.999931384004331660e+06 2.426235081720508055e-22
4.019931040924353525e+06 2.660635357072246061e-22
4.040030696128974669e+06 2.868490961623094925e-22
4.060230849609618075e+06 2.935912554564030518e-22
4.080532003857666161e+06 2.942274371981637746e-22
4.100934663876954466e+06 2.871924458631944219e-22
4.121439337196338456e+06 2.792691770682814671e-22
4.142046533882319927e+06 2.744376573260332319e-22
4.162756766551730689e+06 2.692516763044679633e-22
4.183570550384488888e+06 2.593740897509511037e-22
4.204488403136411682e+06 2.466481827549281163e-22
4.225510845152092166e+06 2.269782846643163380e-22
4.246638399377852678e+06 2.063400612564667222e-22
4.267871591374741867e+06 1.845234833916522219e-22
4.289210949331615120e+06 1.658303491589160193e-22
4.310657004078273661e+06 1.491821004335878917e-22
4.332210289098664187e+06 1.373379059590179995e-22
4.353871340544156730e+06 1.269335016624042635e-22
4.375640697246876545e+06 1.207964617105328466e-22
4.397518900733111426e+06 1.150899510114565894e-22
4.419506495236776769e+06 1.125380992892349166e-22
4.441604027712959796e+06 1.103940697480933321e-22
4.463812047851524316e+06 1.102740685326927366e-22
4.486131108090780675e+06 1.111051714613810993e-22
4.508561763631234877e+06 1.137824841496472429e-22
4.531104572449389845e+06 1.186548758809485912e-22
4.553760095311636105e+06 1.253005544563343606e-22
4.576528895788193680e+06 1.277588489872793053e-22
4.599411540267134085e+06 1.282454874364169604e-22
4.622408597968470305e+06 1.186773085487463838e-22
4.645520640958311968e+06 1.076941256304306801e-22
4.668748244163103402e+06 9.675651524872661640e-23
4.692091985383917578e+06 8.651560775505043105e-23
4.715552445310837589e+06 7.946109486086142176e-23
4.739130207537391223e+06 7.310512850733025431e-23
4.762825858575077727e+06 6.822477545188146519e-23
4.786639987867952324e+06 6.529285385798904282e-23
4.810573187807291746e+06 6.104865349641062168e-23
4.834626053746326827e+06 5.837709628433778624e-23
4.858799184015058912e+06 5.620354840792763998e-23
4.883093179935133085e+06 5.445399145288630320e-23
4.907508645834808238e+06 5.311974045831512716e-23
4.932046189063982107e+06 5.249398638766597983e-23
4.956706420009301044e+06 5.165219442217890137e-23
4.981489952109347098e+06 5.029860356889871077e-23
5.006397401869894005e+06 4.916888108508590246e-23
5.031429388879242353e+06 4.814941228568813417e-23
5.056586535823638551e+06 4.756338116009071371e-23
5.081869468502755277e+06 4.712089107908149132e-23
5.107278815845268779e+06 4.631580943727882045e-23
5.132815209924494848e+06 4.568900893547631062e-23
5.158479285974116996e+06 4.476937121137771819e-23
5.184271682403987274e+06 4.425137182481980752e-23
5.210193040816006251e+06 4.401269820306168714e-23
5.236244006020085886e+06 4.348565629709498525e-23
5.262425226050185971e+06 4.325499977430471660e-23
5.288737352180435322e+06 4.285530644349507648e-23
5.315181038941336796e+06 4.218935788372846090e-23
5.341756944136043079e+06 4.152752142057701054e-23
5.368465728856723756e+06 4.125009301730715226e-23
5.395308057501006871e+06 4.099361387030513427e-23
5.422284597788509913e+06 4.075930603345945740e-23
5.449396020777452737e+06 4.056876088518074923e-23
5.476643000881338492e+06 4.041302274149668670e-23
5.504026215885745361e+06 4.041175354167962317e-23
5.531546346965172328e+06 4.046125024438538308e-23
5.559204078699997626e+06 4.066656179692771110e-23
5.587000099093496799e+06 4.090480813495339000e-23
5.614935099588964134e+06 4.134412398302055413e-23
5.643009775086907670e+06 4.184524198798449973e-23
5.671224823962342925e+06 4.257000734290967299e-23
5.699580948082152754e+06 4.328518025951076348e-23
5.842070471784207039e+06 5.637012304463939662e-23
5.988122233578812331e+06 1.616537011069069647e-22
6.137825289418281987e+06 8.922327836380011275e-23
6.291270921653737314e+06 6.518696944305703024e-23
6.448552694695080630e+06 6.860131464828716601e-23
6.609766512062456459e+06 7.035176582163072442e-23
6.775010674864017405e+06 7.875896458972015073e-23
6.944385941735617816e+06 4.839665728298585653e-23
7.117995590279007331e+06 4.189568309058834976e-23
7.295945480035981163e+06 3.894805897662335054e-23
7.478344117036879994e+06 3.448245479553014235e-23
7.665302719962800853e+06 3.254588380100490362e-23
7.856935287961871363e+06 2.978672917080101473e-23
8.053358670160918497e+06 2.943308772752754227e-23
8.254692636914940551e+06 3.012026824016943166e-23
8.461059952837811783e+06 3.423185156162897733e-23
8.672586451658757403e+06 3.724143472432481067e-23
8.889401112950224429e+06 4.103100829801534372e-23
9.111636140773981810e+06 4.234272907676834522e-23
9.339427044293329120e+06 3.812283700185395757e-23
9.572912720400663093e+06 3.246689718438069633e-23
9.812235538410678506e+06 2.840750494706670766e-23
1.005754142687094584e+07 2.783002291800061557e-23
1.030897996254271828e+07 2.577970535241836706e-23
1.056670446160628460e+07 2.467940777963942487e-23
1.083087207314644195e+07 2.383505367416004241e-23
1.110164387497510388e+07 2.315649802070911983e-23
1.137918497184948064e+07 2.255371433904656985e-23
1.166366459614571556e+07 2.203461604475845380e-23
1.195525621104935929e+07 2.157673582889329933e-23
1.225413761632559076e+07 2.118519678768152630e-23
1.256049105673372932e+07 2.088695211226603619e-23
1.287450333315207064e+07 2.065090858710861607e-23
1.319636591648087092e+07 2.048098846688787262e-23
1.352627506439289264e+07 2.036835900029558029e-23
1.386443194100271538e+07 2.032159357919280141e-23
1.421104273952778243e+07 2.034579777205779820e-23
1.456631880801597424e+07 2.042248409746149430e-23
1.493047677821637318e+07 2.055809162173843792e-23
1.530373869767178223e+07 2.074297152406480469e-23
1.568633216511357576e+07 2.096574036456691171e-23
1.607849046924141236e+07 2.120856670566152454e-23
1.648045273097244836e+07 2.146632856511301663e-23
1.689246404924675450e+07 2.171586519039459858e-23
1.731477565047792345e+07 2.194977016201261629e-23
1.774764504173986986e+07 2.231637600330844935e-23
1.819133616778336093e+07 2.231978194613355989e-23
1.864611957197794318e+07 2.254199468737956303e-23
1.911227256127738953e+07 2.256175479183858211e-23
1.959007937530932575e+07 2.263280516822408947e-23
2.007983135969205946e+07 2.267751639210129654e-23
2.058182714368435740e+07 2.270492892899104163e-23
2.109637282227646559e+07 2.271774996026126214e-23
2.162378214283337444e+07 2.274319951099721632e-23
2.216437669640420377e+07 2.278830222128658282e-23
2.271848611381430551e+07 2.287363571860004367e-23
2.328644826665966213e+07 2.300258439333983964e-23
2.386860947332615405e+07 2.319089631118071392e-23
2.446532471015930548e+07 2.343698758835207659e-23
2.507695782791328430e+07 2.375307181756546720e-23
2.570388177361111715e+07 2.414158197949384361e-23
2.634647881795138866e+07 2.461366131015323484e-23
2.700514078840017319e+07 2.516281550332190988e-23
2.768026930811017379e+07 2.587589299464020085e-23
2.837227604081292078e+07 2.652884327307219275e-23
2.908158294183324650e+07 2.733361452906749518e-23
2.980862251537907496e+07 2.821586747466530300e-23
3.055383807826354727e+07 2.926769839713129539e-23
3.131768403022013232e+07 3.021759333685628606e-23
3.210062613097563013e+07 3.133088672779014743e-23
3.290314178425001353e+07 3.248200263113357572e-23
3.372572032885626704e+07 3.375260856568257354e-23
3.456886333707766980e+07 3.495603232710736853e-23
3.543308492050460726e+07 3.623045630323476486e-23
3.631891204351721704e+07 3.752250707943920310e-23
3.722688484460514784e+07 3.879860298796257394e-23
3.815755696572027355e+07 4.006961671095526812e-23
3.911149588986327499e+07 4.132810591899875187e-23
4.008928328710985184e+07 4.253657386259810191e-23
4.109151536928759515e+07 4.368000028922864504e-23
4.211880325351977348e+07 4.477200598563941336e-23
4.317177333485777676e+07 4.577667412693787978e-23
4.425106766822920740e+07 4.670265679586662745e-23
4.535734435993493348e+07 4.754138108950380799e-23
4.649127796893329918e+07 4.827321245509416111e-23
4.765355991815663874e+07 4.903600797595146074e-23
4.884489891611054540e+07 4.940136031781342186e-23
5.006602138901330531e+07 4.978605408296710224e-23
5.131767192373863608e+07 5.003350260586237663e-23
5.260061372183209658e+07 5.015193268192710338e-23
5.391562906487789750e+07 5.014697157564473103e-23
5.526351979149983078e+07 5.000262601143787872e-23
5.664510778628733009e+07 4.973998872161901923e-23
5.806123548094451427e+07 4.937423695664153835e-23
5.951276636796812713e+07 4.890329887580402293e-23
6.100058552716732025e+07 4.835778858133001370e-23
6.252560016534650326e+07 4.775253233872812628e-23
6.408874016948015988e+07 4.706456677937999933e-23
6.569095867371716350e+07 4.643249038005665464e-23
6.733323264056009054e+07 4.560509263472729017e-23
6.901656345657409728e+07 4.486280626380474307e-23
7.074197754298841953e+07 4.409938278276703936e-23
7.251052698156313598e+07 4.321835807992960680e-23
7.432329015610221028e+07 4.200204419027569581e-23
7.618137241000476480e+07 4.032469908330417447e-23
7.808590672025488317e+07 3.838404515561053914e-23
8.003805438826122880e+07 3.639171143931588622e-23
8.203900574796774983e+07 3.445718939564759269e-23
8.408998089166693389e+07 3.265479926921994934e-23
8.619223041395859420e+07 3.080162854505028196e-23
8.834703617430755496e+07 2.906920890874323888e-23
9.055571207866525650e+07 2.739608991890542176e-23
9.281960488063186407e+07 2.578149729195012855e-23
9.514009500264763832e+07 2.421311817011037286e-23
9.751859737771382928e+07 2.270344926787180713e-23
9.995656231215664744e+07 2.125015650994970899e-23
1.024554763699605763e+08 1.984609838091168865e-23
1.050168632792095691e+08 1.850594565143462899e-23
1.076422848611897975e+08 1.722208924711266287e-23
1.103333419827195257e+08 1.601266226443424464e-23
1.130916755322875082e+08 1.482890849573048929e-23
1.159189674205946922e+08 1.372103298278867900e-23
1.188169416061095595e+08 1.267290461407145528e-23
1.217873651462622732e+08 1.168720273303905050e-23
1.248320492749188244e+08 1.075719047275355296e-23
1.279528505067917705e+08 9.885219775078068222e-24
1.311516717694615573e+08 9.053733977401600476e-24
1.344304635636981130e+08 8.264625761956584167e-24
1.377912251527905464e+08 7.512586873403010217e-24
1.412360057816102803e+08 6.817843640058162914e-24
1.447669059261505306e+08 6.179010965395621282e-24
1.483860785743042827e+08 5.593565124660948428e-24
1.520957305386618674e+08 5.058968550028925175e-24
1.558981238021284044e+08 4.570793331411370763e-24
1.597955768971816003e+08 4.123525542256294066e-24
1.637904663196111321e+08 3.716978474704018470e-24
1.678852279776014090e+08 3.346924908830588997e-24
1.720823586770414114e+08 3.010986331297220746e-24
1.763844176439674199e+08 2.705378293727240397e-24
1.807940280850666165e+08 2.430060511049456811e-24
1.853138787871932685e+08 2.179323402841060691e-24
1.899467257568730712e+08 1.953365901276377655e-24
1.946953939007949233e+08 1.749890125477597116e-24
1.995627787483147383e+08 1.565930527927917137e-24
2.045518482170225978e+08 1.400219711212959051e-24
2.096656444224481583e+08 1.251667783561212718e-24
2.149072855330093503e+08 1.117995924834300849e-24
2.202799676713345647e+08 9.977653704460005881e-25
2.257869668631179333e+08 8.904676164359986893e-25
2.314316410346958637e+08 7.939552122214751184e-25
2.372174320605632663e+08 7.073776359065442893e-25
2.431478678620773256e+08 6.301852680701283314e-25
2.492265645586292148e+08 5.610554283427613419e-25
2.554572286725949049e+08 4.992326438741799576e-25
2.618436593894097805e+08 4.440275640667807920e-25
2.683897508741450012e+08 3.947836239057256415e-25
2.750994946459985971e+08 3.508215069702709570e-25
2.819769820121485591e+08 3.116858295453562099e-25
2.890264065624522567e+08 2.768119517771062892e-25
2.962520667265135646e+08 2.457496217952395553e-25
3.036583683946763873e+08 2.180887256267136515e-25
3.112498276045432687e+08 1.935439482609381103e-25
3.190310732946568131e+08 1.716195211897183802e-25
3.270068501270232201e+08 1.522202031370104685e-25
3.351820213801988363e+08 1.349707981229444716e-25
3.435615719147037864e+08 1.195883004416147239e-25
3.521506112125713229e+08 1.059597345796646658e-25
3.609543764928855896e+08 9.393242769049646680e-26
3.699782359052076936e+08 8.319768924008009379e-26
3.792276918028378487e+08 7.365841955619027588e-26
3.887083840979087949e+08 6.522520420969013312e-26
3.984260937003564835e+08 5.773315953149495545e-26
4.083867460428652763e+08 5.108651222917370110e-26
4.185964146939369440e+08 4.521447776628034777e-26
4.290613250612852573e+08 3.998511568057783987e-26
4.397878581878173947e+08 3.534148093157800889e-26
4.507825546425127983e+08 3.123924018697758139e-26
4.620521185085755587e+08 2.760305731169138212e-26
4.736034214712899327e+08 2.437211503711435857e-26
4.854435070080720782e+08 2.151736226504933235e-26
4.975795946832737923e+08 1.899005242378851697e-26
5.100190845503556132e+08 1.675371731847277877e-26
5.227695616641144753e+08 1.477739491967965098e-26
5.358388007057172656e+08 1.303174708128583271e-26
5.492347707233600616e+08 1.149048362618995291e-26
5.629656399914441109e+08 1.013032599403071511e-26
5.770397809912301302e+08 8.931639363292275641e-27
5.914657755160108805e+08 7.870372635405145807e-27
6.062524199039111137e+08 6.933528306362051347e-27
6.214087304015088081e+08 6.108434738155540768e-27
6.369439486615464687e+08 5.381148380906659518e-27
6.528675473780850172e+08 4.738544937129949015e-27
6.691892360625371933e+08 4.174039401544073465e-27
6.859189669641004801e+08 3.675082120342118819e-27
7.030669411382030249e+08 3.234576733301636763e-27
7.206436146666579247e+08 2.847987244326556700e-27
7.386597050333243608e+08 2.507083621028778296e-27
7.571261976591573954e+08 2.206307294067707876e-27
7.760543526006362438e+08 1.942222973180888390e-27
7.954557114156520367e+08 1.709164096452768860e-27
8.153421042010432482e+08 1.503948368229489072e-27
8.357256568060693741e+08 1.324055997267052100e-27
8.566187982262208462e+08 1.165613892614804553e-27
8.780342681818764210e+08 1.025715485651191360e-27
8.999851248864233494e+08 9.029275852487299348e-28
9.224847530085837841e+08 7.948999267839326534e-28
9.455468718337982893e+08 6.994352636721489464e-28
9.691855436296432018e+08 6.158686938527792877e-28
9.934151822203841209e+08 5.424321828785939986e-28
1.018250561775893688e+09 4.777713928345780225e-28
1.043706825820290923e+09 4.207753927157193664e-28
1.069799496465798020e+09 3.706156594932429466e-28
1.096544483877442837e+09 3.263050220815257352e-28
1.123958095974378824e+09 2.872601635669391190e-28
1.152057048373738289e+09 2.529916105304911074e-28
1.180858474583081484e+09 2.227898519541542609e-28
1.210379936447658300e+09 1.961484651945639474e-28
1.240639434858849764e+09 1.728859286972112296e-28
1.271655420730320930e+09 1.523304768241968379e-28
1.303446806248578787e+09 1.343234108398794096e-28
1.336032976404793262e+09 1.185819016539571288e-28
1.369433800814913273e+09 1.045774874281728819e-28
1.403669645835285664e+09 9.211210876909544489e-29
1.438761386981167793e+09 8.118154352518885922e-29
1.474730421655696869e+09 7.155066550279052523e-29
1.511598682197089195e+09 6.305111502501933654e-29
1.549388649252016306e+09 5.558785771323512820e-29
1.588123365483316422e+09 4.901542935593066583e-29
1.627826449620399475e+09 4.320826564769283923e-29
1.668522110860909224e+09 3.809204571961342778e-29
1.710235163632431984e+09 3.359597585102711722e-29
1.752991042723242283e+09 2.962223916142412060e-29
1.796815818791323662e+09 2.612982344985111452e-29
1.841736214261106491e+09 2.305409535100701048e-29
1.887779619617634058e+09 2.034849611129428690e-29
1.934974110108074903e+09 1.795698075190188922e-29
1.983348462860776424e+09 1.585206869081463645e-29
2.032932174432295799e+09 1.399126307828835192e-29
2.083755478793103218e+09 1.235259789462514223e-29
2.135849365762930393e+09 1.091303043598468284e-29
2.189245599907003403e+09 9.639691726608541873e-30
2.243976739904678345e+09 8.511276267830882166e-30
2.300076158402295113e+09 7.518546132115999993e-30
2.357578062362352371e+09 6.642062012165572093e-30
2.416517513921410561e+09 5.867614528950713164e-30
2.476930451769445896e+09 5.186002412821462354e-30
2.538853713063681602e+09 4.582451148174496633e-30
2.602325055890273571e+09 4.049794754639883052e-30
2.667383182287530422e+09 3.580848723764287903e-30
2.734067761844718456e+09 3.175739214091123240e-30
2.802419455890836239e+09 2.807716109306860991e-30
2.872479942288106918e+09 2.497191351058995856e-30
2.944291940845309258e+09 2.208630463514027880e-30
3.017899239366441727e+09 1.953450345623474602e-30
3.093346720350602150e+09 1.728097165091741995e-30
3.170680388359367371e+09 1.529043605423473025e-30
3.249947398068351269e+09 1.353313054479936078e-30
3.331196083020059586e+09 1.199714252249348790e-30
3.414475985095561028e+09 1.068731019340874700e-30
3.499837884722949982e+09 9.490456951850732535e-31
3.587333831841022968e+09 8.404406605165197642e-31
3.677017177637048244e+09 7.455922952665542842e-31
3.768942607077974319e+09 6.609807683417971121e-31
3.863166172254923820e+09 5.853227999159708648e-31
3.959745326561296463e+09 5.188681965812838180e-31
4.058738959725327969e+09 4.598918342789683526e-31
4.160207433718461037e+09 4.075906751226593229e-31
4.264212619561421871e+09 3.621240640001665975e-31
4.370817935050457001e+09 3.223072209737734560e-31
4.480088383426718712e+09 2.873225950270452163e-31
4.592090593012386322e+09 2.548289149308401961e-31
4.706892857837695122e+09 2.263972060872682114e-31
4.824565179283637047e+09 2.010034030697147549e-31
4.945179308765727043e+09 1.787125931074451978e-31
5.068808791484869957e+09 1.595235281396906318e-31
5.195529011271990776e+09 1.425168808012852087e-31
5.325417236553790092e+09 1.263354165336424498e-31
5.458552667467634201e+09 1.979311878346939515e-35
