5.693873679936657339e+01 0.000000000000000000e+00
5.836220521935072725e+01 0.000000000000000000e+00
5.982126034983450324e+01 0.000000000000000000e+00
6.131679185858035908e+01 0.000000000000000000e+00
6.284971165504486379e+01 0.000000000000000000e+00
6.442095444642097846e+01 0.000000000000000000e+00
6.603147830758149439e+01 0.000000000000000000e+00
6.768226526527102749e+01 0.000000000000000000e+00
6.937432189690279927e+01 0.000000000000000000e+00
7.110867994432535966e+01 0.000000000000000000e+00
7.288639694293348725e+01 0.000000000000000000e+00
7.470855686650681093e+01 0.000000000000000000e+00
7.657627078816946664e+01 0.000000000000000000e+00
7.849067755787370970e+01 0.000000000000000000e+00
8.045294449682054960e+01 0.000000000000000000e+00
8.246426810924104700e+01 0.000000000000000000e+00
8.452587481197205932e+01 0.000000000000000000e+00
8.663902168227136258e+01 0.000000000000000000e+00
8.880499722432814735e+01 0.000000000000000000e+00
9.102512215493632652e+01 0.000000000000000000e+00
9.330075020880971692e+01 0.000000000000000000e+00
9.563326896402996624e+01 0.000000000000000000e+00
9.802410068813068733e+01 0.000000000000000000e+00
1.004747032053339524e+02 0.000000000000000000e+00
1.029865707854673076e+02 0.000000000000000000e+00
1.055612350551039782e+02 0.000000000000000000e+00
1.082002659314815673e+02 0.000000000000000000e+00
1.109052725797685923e+02 0.000000000000000000e+00
1.136779043942627965e+02 0.000000000000000000e+00
1.165198520041193433e+02 0.000000000000000000e+00
1.194328483042223183e+02 0.000000000000000000e+00
1.224186695118278720e+02 0.000000000000000000e+00
1.254791362496235507e+02 0.000000000000000000e+00
1.286161146558641235e+02 0.000000000000000000e+00
1.318315175222607252e+02 0.000000000000000000e+00
1.351273054603172170e+02 0.000000000000000000e+00
1.385054880968251609e+02 0.000000000000000000e+00
1.419681252992457701e+02 0.000000000000000000e+00
1.455173284317268951e+02 0.000000000000000000e+00
1.491552616425200881e+02 0.000000000000000000e+00
1.528841431835830633e+02 0.000000000000000000e+00
1.567062467631726008e+02 0.000000000000000000e+00
1.606239029322519229e+02 0.000000000000000000e+00
1.646395005055582033e+02 0.000000000000000000e+00
1.687554880181971555e+02 0.000000000000000000e+00
1.729743752186520851e+02 0.000000000000000000e+00
1.772987345991183474e+02 0.000000000000000000e+00
1.817312029640963260e+02 0.000000000000000000e+00
1.862744830381987242e+02 0.000000000000000000e+00
1.909313451141536859e+02 0.000000000000000000e+00
1.957046287420075146e+02 0.000000000000000000e+00
2.005972444605576754e+02 0.000000000000000000e+00
2.056121755720715782e+02 0.000000000000000000e+00
2.107524799613733535e+02 0.000000000000000000e+00
2.160212919604077229e+02 0.000000000000000000e+00
2.214218242594178605e+02 0.000000000000000000e+00
2.269573698659033028e+02 0.000000000000000000e+00
2.326313041125509073e+02 0.000000000000000000e+00
2.384470867153646338e+02 0.000000000000000000e+00
2.444082638832487078e+02 0.000000000000000000e+00
2.505184704803299383e+02 0.000000000000000000e+00
2.567814322423381554e+02 0.000000000000000000e+00
2.632009680483965894e+02 0.000000000000000000e+00
2.697809922496065269e+02 0.000000000000000000e+00
2.765255170558466489e+02 0.000000000000000000e+00
2.834386549822428378e+02 0.000000000000000000e+00
2.905246213567988889e+02 0.000000000000000000e+00
2.977877368907188043e+02 0.000000000000000000e+00
3.052324303129867644e+02 0.000000000000000000e+00
3.128632410708113980e+02 0.000000000000000000e+00
3.206848220975816730e+02 9.717645144415089411e-54
3.287019426500211807e+02 7.084444635493458661e-53
3.369194912162716946e+02 1.845255917199665172e-52
3.453424784966784387e+02 3.832358315587223277e-52
3.539760404590953158e+02 7.161229126743240746e-52
3.628254414705727413e+02 1.256422493258360153e-51
3.718960775073369973e+02 7.817212215905250728e-51
3.811934794450203867e+02 5.193151399536490097e-50
3.907233164311458609e+02 1.326416807509748988e-49
4.004913993419244775e+02 2.746622234259911848e-49
4.105036843254725341e+02 4.943825540901190202e-49
4.207662764336092778e+02 8.359512837018318550e-49
4.312854333444494728e+02 7.557517205077143892e-48
4.420675691780606940e+02 1.904878938417267097e-47
4.531192584075121204e+02 3.877418449140658664e-47
4.644472398676999205e+02 7.126498101492626708e-47
4.760584208643923603e+02 2.411350835407110417e-46
4.879598813860020527e+02 7.471814274048931698e-46
5.001588784206521723e+02 1.536556419456073211e-45
5.126628503811683686e+02 2.843584921024822758e-45
5.254794216406976375e+02 5.843058158669669755e-45
5.386164071817149761e+02 2.338001342555242153e-44
5.520818173612577766e+02 4.868341063273402348e-44
5.658838627952891329e+02 8.259511806424730810e-44
5.800309593651712703e+02 1.829759240692316467e-43
5.945317333493005663e+02 4.241593092453052705e-43
6.093950266830330520e+02 7.675726305399025732e-43
6.246299023501087504e+02 1.206610972050390505e-42
6.402456499088614237e+02 2.755096660768982920e-42
6.562517911565829536e+02 4.915460987194798395e-42
6.726580859354975246e+02 8.416342895242302155e-42
6.894745380838849087e+02 1.347906009281204214e-41
7.067114015359818495e+02 2.143864885108766696e-41
7.243791865743814924e+02 3.091253894102428273e-41
7.424886662387409615e+02 4.452109927226042567e-41
7.610508828947093889e+02 5.533509639868113029e-41
7.800771549670770355e+02 6.704224650254375094e-41
7.995790838412539188e+02 7.922533823201724445e-41
8.195685609372851559e+02 8.888675936951894312e-41
8.400577749607173246e+02 1.074852573593036530e-40
8.610592193347350758e+02 1.421669562215274239e-40
8.825856998181034214e+02 1.574605210391605784e-40
9.046503423135560524e+02 1.508769516403487281e-40
9.272666008713947576e+02 1.275990816997999644e-40
9.504482658931796095e+02 1.124498395599041796e-40
9.742094725405090685e+02 8.592349324534216395e-41
9.985647093540217156e+02 7.667205859475475616e-41
1.023528827087872173e+03 5.535900857856571928e-41
1.049117047765068946e+03 3.789849992703193604e-41
1.075344973959195613e+03 2.503531898522211154e-41
1.102228598308175378e+03 1.500398008465326260e-41
1.129784313265879746e+03 8.820756334488580852e-42
1.158028921097526563e+03 5.493495712013421252e-42
1.186979644124964580e+03 2.549426596617875873e-42
1.216654135228088307e+03 1.475764959933195360e-42
1.247070488608790356e+03 6.395500654594887321e-43
1.278247250824010280e+03 3.351439512383375097e-43
1.310203432094610434e+03 1.350072101840497626e-43
1.342958517896975309e+03 4.548554946539532237e-44
1.376532480844399515e+03 2.514496570070407170e-44
1.410945792865509475e+03 1.329843626730935641e-44
1.446219437687147092e+03 1.327268526186047008e-44
1.482374923629325849e+03 5.023277105628373111e-44
1.519434296720058910e+03 1.950334303237533594e-43
1.557420154138060070e+03 6.763082748455968110e-43
1.596355657991511634e+03 2.080908821087901419e-42
1.636264549441299323e+03 8.792201623790786109e-42
1.677171163177331664e+03 3.314716098721777854e-41
1.719100442256764836e+03 1.128420852714988460e-40
1.762077953313183571e+03 3.954885950799424231e-40
1.806129902146012910e+03 1.182302777518799629e-39
1.851283149699663227e+03 3.371565415674865241e-39
1.897565228442154421e+03 1.050587116384756018e-38
1.945004359153208497e+03 3.216376478057023933e-38
1.993629468132038483e+03 9.369449293199442687e-38
2.043470204835339473e+03 2.320158701138359640e-37
2.094556959956223182e+03 5.569206025768269807e-37
2.146920883955128375e+03 1.249977556482119297e-36
2.200593906054006766e+03 3.158124353551964810e-36
2.255608753705356321e+03 5.881777855191578698e-36
2.311998972547989979e+03 1.299698211651981644e-35
2.369798946861689728e+03 3.202779081414821843e-35
2.429043920533231812e+03 7.679051955045513481e-35
2.489770018546562369e+03 1.926675690640308288e-34
2.552014269010226144e+03 4.531919536962971325e-34
2.615814625735481513e+03 9.969183583029244024e-34
2.681209991378868381e+03 2.234584598282014402e-33
2.748240241163339761e+03 4.992642167689031564e-33
2.816946247192423016e+03 1.084851609689819483e-32
2.887369903372233239e+03 2.289839231492330047e-32
2.959554150956539161e+03 4.799546909921982333e-32
3.033543004730452139e+03 9.494179596251036608e-32
3.109381579848713500e+03 1.935087548217390251e-31
3.187116119344930667e+03 3.756755346413503917e-31
3.266794022328554092e+03 7.419328068860826744e-31
3.348463872886767604e+03 1.388521007944250979e-30
3.432175469708936816e+03 2.601080021128597388e-30
3.517979856451659543e+03 4.744193166032813565e-30
3.605929352862951419e+03 8.477356327611421028e-30
3.696077586684524249e+03 1.474286975059589686e-29
3.788479526351637105e+03 2.554616966202806310e-29
3.883191514510427623e+03 4.298390808424917275e-29
3.980271302373188973e+03 7.050170020981218452e-29
4.079778084932517686e+03 1.154792523091417385e-28
4.181772537055830071e+03 2.040812837874258711e-28
4.286316850482226073e+03 3.780417932940311727e-28
4.393474771744281497e+03 5.789258937229694150e-28
4.503311641037887966e+03 9.583881256312579785e-28
4.615894432063834756e+03 1.486269903205236505e-27
4.731291792865431489e+03 2.281726151660102713e-27
4.849574087687066822e+03 4.188415624138548024e-27
4.970813439879242651e+03 7.654180641765283247e-27
5.095083775876224536e+03 1.359001855020786349e-26
5.222460870273129331e+03 2.214854451764161562e-26
5.353022392029956791e+03 3.130661317485784452e-26
5.486847951830704915e+03 4.344045444274072198e-26
5.624019150626472765e+03 6.782475832656761848e-26
5.764619629392134811e+03 9.407381251425342876e-26
5.908735120126937545e+03 1.172741950885480625e-25
6.056453498130109438e+03 1.497968781729985828e-25
6.207864835583362947e+03 2.281640583872621948e-25
6.363061456472946702e+03 3.116160795876262553e-25
6.522137992884770938e+03 3.847657270432947003e-25
6.685191442706889575e+03 4.666126708554075320e-25
6.852321228774560950e+03 1.698809740818414221e-24
7.023629259493923200e+03 1.840676576965015700e-24
7.199219990981271621e+03 2.324899257152618218e-24
7.379200490755801184e+03 2.585235375231961200e-24
7.563680503024696009e+03 3.430593403530752111e-24
7.752772515600310726e+03 4.255122503771254105e-24
7.946591828490318221e+03 4.682217241372341781e-24
8.145256624202575949e+03 1.252502191748439606e-23
8.348888039807639871e+03 2.659740579268848735e-23
8.557610240802830958e+03 2.893877846431298126e-23
8.771550496822899731e+03 3.111973941624355286e-23
8.990839259243472043e+03 3.143578114061674303e-23
9.215610240724558025e+03 9.584050508512786851e-25
9.446000496742670293e+03 7.840369268151453000e-25
9.682150509161236187e+03 7.945382783023850406e-25
9.924204271890264863e+03 8.138390296757405569e-25
1.017230937868751971e+04 8.251499900856556537e-25
1.042661711315470711e+04 8.294903805725486182e-25
1.068728254098357502e+04 8.407209080844539817e-25
1.095446460450816085e+04 8.508059422529810738e-25
1.122832621962086705e+04 8.592853484079261591e-25
1.150903437511138691e+04 8.611129078651117988e-25
1.179676023448917294e+04 8.627323119915355244e-25
1.209167924035140095e+04 8.530608484933853521e-25
1.239397122136018152e+04 8.393928306778325130e-25
1.270382050189418624e+04 8.290666857714204188e-25
1.302141601444153821e+04 9.629179812878859079e-25
1.334695141480257735e+04 1.593163982153615360e-24
1.368062520017263887e+04 1.948528043432339005e-24
1.402264083017695339e+04 1.671637648985290328e-24
1.437320685093137945e+04 1.757385676375912866e-24
1.473253702220466039e+04 1.617772901576634917e-24
1.510085044775977804e+04 1.555791424829892848e-24
1.547837170895377130e+04 1.487102693398625505e-24
1.586533100167761222e+04 1.379206005106773453e-24
1.626196427671955098e+04 1.289264046308819821e-24
1.666851338363753894e+04 1.181192019514529513e-24
1.708522621822847213e+04 1.076720005193575790e-24
1.717065234931961095e+04 1.027364902050032753e-24
1.725650561106620808e+04 8.564627303864583863e-25
1.734278813912153782e+04 8.502717974405412543e-25
1.742950207981714266e+04 9.871918357105625191e-25
1.751664959021622781e+04 1.003987492329420845e-24
1.760423283816730691e+04 1.013195241587340015e-24
1.769225400235813868e+04 1.013242606414373485e-24
1.778071527236992915e+04 9.849424323293750396e-25
1.786961884873177405e+04 9.889566015551679423e-25
1.795896694297543218e+04 9.646437805256060168e-25
1.804876177769030983e+04 9.551483091524203719e-25
1.813900558657875808e+04 9.415199243733639066e-25
1.822970061451165020e+04 9.301608393035448783e-25
1.832084911758420640e+04 9.264755727260798158e-25
1.841245336317212423e+04 9.048379296662531063e-25
1.850451562998798545e+04 8.962230996736897855e-25
1.859703820813792117e+04 8.808583821364888844e-25
1.869002339917860809e+04 8.727092526550453302e-25
1.878347351617449749e+04 8.555979861590907572e-25
1.887739088375536812e+04 8.273642589159863508e-25
1.897177783817414456e+04 8.347510894914232472e-25
1.906663672736501030e+04 8.058287259925596432e-25
1.916196991100183732e+04 7.945635122810120504e-25
1.925777976055684485e+04 7.815136799481913351e-25
1.935406865935962560e+04 7.809050210437695324e-25
1.945083900265642296e+04 7.581814308518098336e-25
1.954809319766969929e+04 7.275728360947543827e-25
1.964583366365804613e+04 7.095286888566940228e-25
1.974406283197633456e+04 7.116242637702579891e-25
1.984278314613621478e+04 6.810470578290675927e-25
1.994199706186689218e+04 6.755535521741174348e-25
2.004170704717622721e+04 6.784815950460995674e-25
2.014191558241210805e+04 6.601845691476854616e-25
2.024262516032416534e+04 6.446889962700643408e-25
2.034383828612578509e+04 6.422745869034295736e-25
2.044555747755640914e+04 6.213419304104732607e-25
2.054778526494419202e+04 6.108255452327996139e-25
2.065052419126890891e+04 6.019119978288761504e-25
2.075377681222525280e+04 5.991038502101554191e-25
2.085754569628637546e+04 5.892169806719037247e-25
2.096183342476780672e+04 5.699670198654095802e-25
2.106664259189164295e+04 5.808099909320355860e-25
2.117197580485109575e+04 5.577248836502497535e-25
2.127783568387534979e+04 5.231641932227712117e-25
2.138422486229472270e+04 5.366169017920349493e-25
2.149114598660619959e+04 5.168594669113862830e-25
2.159860171653922589e+04 5.106869203539785133e-25
2.170659472512191860e+04 4.850987459067992633e-25
2.181512769874752485e+04 4.913423490185624644e-25
2.192420333724126249e+04 4.562116645247936148e-25
2.203382435392746265e+04 4.516883989315230338e-25
2.214399347569710153e+04 4.429792148027504680e-25
2.225471344307558320e+04 4.315578555693951324e-25
2.236598701029095901e+04 4.341120347725210905e-25
2.247781694534241251e+04 4.243501354651377256e-25
2.259020603006912279e+04 4.347694958492573041e-25
2.270315706021946244e+04 4.294305386293185101e-25
2.281667284552055935e+04 4.000981209658284147e-25
2.293075620974816047e+04 4.109328639679457532e-25
2.304540999079689936e+04 4.157106196566715991e-25
2.316063704075088026e+04 3.965089091054338094e-25
2.327644022595463321e+04 4.035275645000556348e-25
2.339282242708440754e+04 3.949348579856894273e-25
2.350978653921982550e+04 3.940748250062579791e-25
2.362733547191592152e+04 3.854381891738455235e-25
2.374547214927549794e+04 3.500347146906096184e-25
2.386419951002187008e+04 3.579017536985843696e-25
2.398352050757197867e+04 3.447631002006588247e-25
2.410343811010983700e+04 3.492431605869565992e-25
2.422395530066038191e+04 3.265338847460816693e-25
2.434507507716368127e+04 3.201503925077905064e-25
2.446680045254949800e+04 3.242421706685682173e-25
2.458913445481224335e+04 3.223726793447223751e-25
2.471208012708630122e+04 3.095929696379739580e-25
2.483564052772173090e+04 3.197267772318108656e-25
2.495981873036033357e+04 3.041165359862926959e-25
2.508461782401213350e+04 3.049145754966379763e-25
2.521004091313219396e+04 3.048301948624659593e-25
2.533609111769785159e+04 2.926715546545144126e-25
2.546277157328633984e+04 2.818625081830851281e-25
2.559008543115276916e+04 2.823996866112350325e-25
2.571803585830853262e+04 2.688977972073093726e-25
2.584662603760007187e+04 2.717041106289783911e-25
2.597585916778806859e+04 2.702446279695323201e-25
2.610573846362700715e+04 2.494906183728244976e-25
2.623626715594513735e+04 2.544140216867972686e-25
2.636744849172486283e+04 2.562160876750794788e-25
2.649928573418348606e+04 2.466248103907562273e-25
2.663178216285439703e+04 2.404890148593586794e-25
2.676494107366866592e+04 2.257837769074434030e-25
2.689876577903700672e+04 2.307913048174288724e-25
2.703325960793219201e+04 2.304266833480483802e-25
2.716842590597184972e+04 2.258351046197429813e-25
2.730426803550170371e+04 2.204964333464273252e-25
2.744078937567921093e+04 2.167880164713538659e-25
2.757799332255760237e+04 2.103964894183556214e-25
2.771588328917038598e+04 2.055296132103395623e-25
2.785446270561623896e+04 2.030819238154043666e-25
2.799373501914431472e+04 2.022504678637022112e-25
2.813370369424003366e+04 1.965543551759099138e-25
2.827437221271123417e+04 1.918693802910083336e-25
2.841574407377478201e+04 1.912679721124617857e-25
2.855782279414365257e+04 1.880248452113535519e-25
2.870061190811436973e+04 1.850036013900945744e-25
2.884411496765493939e+04 1.802955022070295871e-25
2.898833554249321605e+04 1.819360211182606459e-25
2.913327722020567671e+04 1.788745547030009922e-25
2.927894360630670417e+04 1.821012543970005871e-25
2.942533832433823409e+04 1.709455452816016543e-25
2.957246501595992595e+04 1.664756456938780484e-25
2.972032734103971961e+04 1.661339147937718839e-25
2.986892897774491212e+04 1.645363965554041266e-25
3.001827362263363830e+04 1.574467204853022153e-25
3.016836499074679887e+04 1.545778955876435784e-25
3.031920681570053057e+04 1.554596662705162999e-25
3.047080284977902920e+04 1.506629525755344628e-25
3.062315686402792198e+04 1.407288286369346404e-25
3.077627264834806192e+04 1.441792975071477943e-25
3.093015401158979876e+04 1.415087869424432820e-25
3.108480478164774468e+04 1.406279351673594654e-25
3.124022880555597658e+04 1.340159226255835085e-25
3.139642994958375493e+04 1.293464392419979555e-25
3.155341209933167193e+04 1.091347060841333153e-25
3.171117915982832346e+04 1.280324477348811011e-25
3.186973505562746141e+04 1.353891220746525272e-25
3.202908373090559326e+04 1.359710873269972672e-25
3.218922914956012028e+04 1.312480366852468508e-25
3.235017529530791944e+04 1.309285113699016844e-25
3.251192617178445289e+04 1.343730343017994352e-25
3.267448580264337579e+04 1.309728432209044602e-25
3.283785823165658803e+04 1.291501597005178930e-25
3.300204752281487163e+04 1.257915353860576607e-25
3.316705776042893558e+04 1.262340179073226737e-25
3.333289304923107557e+04 1.254826280916772588e-25
3.349955751447723014e+04 1.261521163775269691e-25
3.366705530204961542e+04 1.254121444452434850e-25
3.383539057855986175e+04 1.236009051653025531e-25
3.400456753145265975e+04 1.210558175932351854e-25
3.417459036910991563e+04 1.190181878644035100e-25
3.434546332095545222e+04 1.211610280257058651e-25
3.451719063756022661e+04 1.225744922157451719e-25
3.468977659074802796e+04 8.976664618805715643e-26
3.486322547370176471e+04 1.185577551707033836e-25
3.503754160107026837e+04 1.228823725252191269e-25
3.521272930907562113e+04 1.269297362014168919e-25
3.538879295562100015e+04 1.268431058060097545e-25
3.556573692039909656e+04 1.232683915310749466e-25
3.574356560500108753e+04 1.265087837138981314e-25
3.592228343302608846e+04 1.247601070837548786e-25
3.610189485019121639e+04 1.251948790933381965e-25
3.628240432444217004e+04 1.289578480247149035e-25
3.646381634606437729e+04 1.307855844170435847e-25
3.664613542779469572e+04 1.319379706178969815e-25
3.682936610493365879e+04 1.294094082260033229e-25
3.701351293545832596e+04 1.320419649102902789e-25
3.719858050013561297e+04 1.364369660479965927e-25
3.738457340263629158e+04 1.358613215468917791e-25
3.757149626964946947e+04 1.374504466614145401e-25
3.775935375099770317e+04 1.359345441668507903e-25
3.794815051975269307e+04 1.403998340903815800e-25
3.813789127235145133e+04 1.404048835970319345e-25
3.832858072871321201e+04 1.477355120607278163e-25
3.852022363235677039e+04 1.512345391576745403e-25
3.871282475051854999e+04 1.533491925488442018e-25
3.890638887427113514e+04 1.545944857651852642e-25
3.910092081864248757e+04 1.509878251773402198e-25
3.929642542273569416e+04 1.590012208470353779e-25
3.949290754984936939e+04 1.621785071416606072e-25
3.969037208759861096e+04 1.628493080859902198e-25
3.988882394803660281e+04 1.762831767961911653e-25
4.008826806777677848e+04 1.811570636390175014e-25
4.028870940811566106e+04 1.819088363348434470e-25
4.049015295515623438e+04 1.905762875632149391e-25
4.069260371993200533e+04 1.963948624331749826e-25
4.089606673853167013e+04 2.035598864670145890e-25
4.110054707222431898e+04 2.053900125049311161e-25
4.130604980758544116e+04 2.178324707857331867e-25
4.151258005662335199e+04 2.268643249692041554e-25
4.172014295690646395e+04 2.361123510351098879e-25
4.192874367169098696e+04 2.468659690141269492e-25
4.213838739004945091e+04 2.548558984761763645e-25
4.234907932699969388e+04 2.678404607017155649e-25
4.256082472363467969e+04 2.789705696945194949e-25
4.277362884725284675e+04 2.871977237519808151e-25
4.298749699148910440e+04 3.091987222297582748e-25
4.320243447644654952e+04 3.281699882336897353e-25
4.341844664882877260e+04 3.388723874354749012e-25
4.363553888207291311e+04 3.458414965873414277e-25
4.385371657648327528e+04 3.800106620776406425e-25
4.407298515936567856e+04 4.055293653625955800e-25
4.429335008516249945e+04 4.373673474548450251e-25
4.451481683558830991e+04 4.695806533708427301e-25
4.473739091976625059e+04 4.927917115283604525e-25
4.496107787436507351e+04 4.444403193671432497e-25
4.518588326373689779e+04 5.723820083364151765e-25
4.541181268005557649e+04 6.187469852237376213e-25
4.563887174345584936e+04 6.415376173766390745e-25
4.586706610217312118e+04 7.283736670134053810e-25
4.609640143268398242e+04 7.672607734476681043e-25
4.632688343984739913e+04 8.552757781164127428e-25
4.655851785704662325e+04 9.165101227363189702e-25
4.679131044633185229e+04 1.027207631919426422e-24
4.702526699856351479e+04 1.109146931053472676e-24
4.726039333355631970e+04 1.238334747385832875e-24
4.749669530022409890e+04 1.306946581183234525e-24
4.773417877672522445e+04 1.507998032524217649e-24
4.797284967060884082e+04 1.678845193170544393e-24
4.821271391896188288e+04 1.860834512858502556e-24
4.845377748855667596e+04 2.084778414857287580e-24
4.869604637599946000e+04 2.195446656338216567e-24
4.893952660787945206e+04 2.609026373173109155e-24
4.918422424091884750e+04 2.949246716377003681e-24
4.943014536212343228e+04 3.363914358785072569e-24
4.967729608893404657e+04 3.798276879923640317e-24
4.992568256937871047e+04 4.346351031925125997e-24
5.017531098222560104e+04 4.983306699112609719e-24
5.042618753713672049e+04 5.762089250666471883e-24
5.067831847482240119e+04 6.617691969073167977e-24
5.093171006719650904e+04 7.686268807374176171e-24
5.118636861753249104e+04 8.706998286984840044e-24
5.144230046062014299e+04 1.029710211325025612e-23
5.169951196292324312e+04 1.215086714915469959e-23
5.195800952273784787e+04 1.719907736742508754e-23
5.221779957035152620e+04 2.260425033704458969e-23
5.247888856820327055e+04 3.120580321478017329e-23
5.274128301104428829e+04 2.793881546998046384e-23
5.300498942609950609e+04 2.923714705370487143e-23
5.327001437322999845e+04 6.179223495471302232e-23
5.353636444509614375e+04 7.194083204285173178e-23
5.380404626732161705e+04 7.825170077661715483e-23
5.407306649865821964e+04 2.919771858616457930e-23
5.434343183115150168e+04 1.148780747386467225e-22
5.461514899030724337e+04 3.148202348691319509e-22
5.488822473525877285e+04 2.988290307338204049e-22
5.516266585893506272e+04 9.404585067922979817e-23
5.543847918822972861e+04 5.492965440651135144e-23
5.571567158417086466e+04 2.336266183062013067e-22
5.599424994209171564e+04 8.522093167034368549e-22
5.627422119180217123e+04 1.019894078574415820e-21
5.655559229776117718e+04 8.979338906768649846e-22
5.683837025924997579e+04 9.263406252861150728e-22
5.712256211054621235e+04 1.003240935424903359e-21
5.740817492109894374e+04 7.723723977819472161e-22
5.769521579570443282e+04 6.398111163025633531e-22
5.798369187468294695e+04 2.047126322791346495e-22
5.827361033405634953e+04 6.366415121437420123e-23
5.856497838572663022e+04 1.067868069803097645e-22
5.885780327765525726e+04 2.737166772237451524e-22
5.915209229404352664e+04 6.951963664962866940e-22
5.944785275551373343e+04 1.572806525523338976e-21
5.974509201929128903e+04 1.843138817171663682e-21
6.004381747938774060e+04 1.804391101830212193e-21
6.034403656678467814e+04 2.375090013222142639e-21
6.064575674961859477e+04 1.861183466263524306e-21
6.094898553336668556e+04 2.234844503429855971e-21
6.125373046103351953e+04 2.405798688134171386e-21
6.155999911333867203e+04 2.894860768557540675e-21
6.186779910890536848e+04 1.848225492528615811e-21
6.217713810444988485e+04 2.125078699140274275e-21
6.248802379497213406e+04 1.748068365540422878e-21
6.280046391394698730e+04 7.110945552507219023e-21
6.311446623351672315e+04 2.386715851983478458e-21
6.343003856468429149e+04 3.174101125389413458e-21
6.374718875750769803e+04 8.533544302609526084e-21
6.406592470129523281e+04 5.826182931851913440e-21
6.438625432480170275e+04 5.868282555068814869e-21
6.470818559642569744e+04 8.505351802117467715e-21
6.503172652440782258e+04 5.290199279677345807e-21
6.535688515702984296e+04 5.450093159748140401e-21
6.568366958281499683e+04 5.826040680240522766e-21
6.601208793072905974e+04 4.328317227249113953e-21
6.634214837038269616e+04 6.323339038139213145e-21
6.667385911223459698e+04 4.346361899223559128e-21
6.700722840779575927e+04 3.994234064256554635e-21
6.734226454983474105e+04 4.002070803170644252e-21
6.767897587258390558e+04 2.024525785085506400e-21
6.801737075194681529e+04 9.451067615115941425e-23
6.835745760570655693e+04 6.730900677136157307e-22
6.869924489373507095e+04 9.520780489847878408e-23
6.904274111820373219e+04 6.134674095416470287e-23
6.938795482379474561e+04 2.703538521393484458e-22
6.973489459791372065e+04 9.806957961275501899e-22
7.008356907090329332e+04 2.853818947005976360e-21
7.043398691625779611e+04 1.003576484894619367e-20
7.078615685083907738e+04 1.740807614176320498e-20
7.114008763509328128e+04 2.108502534244469394e-20
7.149578807326874812e+04 3.416711499611860124e-20
7.185326701363506436e+04 1.574202802034404063e-20
7.221253334870323306e+04 4.137853163677362793e-20
7.257359601544674661e+04 3.531603018365535353e-20
7.293646399552396906e+04 4.201053427299839620e-20
7.330114631550158083e+04 5.065847081515128197e-20
7.366765204707908561e+04 5.912324160080544588e-20
7.403599030731448147e+04 5.645566468007925208e-20
7.440617025885103794e+04 2.586585357032130892e-20
7.477820111014529539e+04 5.420132014817767021e-20
7.515209211569601030e+04 6.502566683911087048e-20
7.552785257627448300e+04 7.368945793487070726e-20
7.590549183915584581e+04 6.281143412283325281e-20
7.628501929835161718e+04 7.849696143663106719e-20
7.666644439484336181e+04 6.808563657248966618e-20
7.704977661681757309e+04 6.274433546757843537e-20
7.743502549990164698e+04 6.902339002187396871e-20
7.782220062740115100e+04 5.884861615081237217e-20
7.821131163053814089e+04 6.686385036776722907e-20
7.860236818869083072e+04 6.613335419652452969e-20
7.899538002963428153e+04 7.124296572407186577e-20
7.939035692978244333e+04 6.699042486962751051e-20
7.978730871443136130e+04 6.351512264710895746e-20
8.018624525800348783e+04 6.856836993209792731e-20
8.058717648429350811e+04 5.828266392489888837e-20
8.099011236671495135e+04 7.057007160048297858e-20
8.139506292854853382e+04 6.974797978757806674e-20
8.180203824319125852e+04 7.304790127904590123e-20
8.221104843440721743e+04 7.016668265363640723e-20
8.262210367657925235e+04 7.946452614025920519e-20
8.303521419496214367e+04 8.138925342324519663e-20
8.345039026593693416e+04 7.599941647889658514e-20
8.386764221726660617e+04 6.747730341266941605e-20
8.428698042835292290e+04 7.636137511030339125e-20
8.470841533049468126e+04 7.741340629473881990e-20
8.513195740714714339e+04 7.098408082807469025e-20
8.555761719418287976e+04 7.761931692281550397e-20
8.598540528015379095e+04 6.778176766608404653e-20
8.641533230655454099e+04 8.619911982978467333e-20
8.684740896808731486e+04 6.981756311076893811e-20
8.728164601292772568e+04 2.947929413943020821e-20
8.771805424299236620e+04 7.572050882475895696e-20
8.815664451420730620e+04 6.606753813146732938e-20
8.859742773677833611e+04 4.973299937185477905e-20
8.904041487546222925e+04 4.681919638633950198e-20
8.948561694983953203e+04 7.430893670950538179e-20
8.993304503458872205e+04 8.364649126138717933e-20
9.038271025976164674e+04 7.493710160884972896e-20
9.083462381106044631e+04 7.357835176736686154e-20
9.128879693011572817e+04 8.128483338692629028e-20
9.174524091476631293e+04 7.285605818798880435e-20
9.220396711934011546e+04 7.284623093556317482e-20
9.266498695493681589e+04 7.420289049052215112e-20
9.312831188971149095e+04 7.099324272291661215e-20
9.359395344916003523e+04 7.356956902208656650e-20
9.406192321640583395e+04 7.964081275352270469e-20
9.453223283248784719e+04 7.864015384671652435e-20
9.500489399665028031e+04 7.610645543356742430e-20
9.547991846663352044e+04 8.014310033386555663e-20
9.595731805896665901e+04 8.767938289503855705e-20
9.643710464926148416e+04 6.507057552436154372e-20
9.691929017250778270e+04 6.063926525342793595e-20
9.740388662337031565e+04 7.954650506904989278e-20
9.789090605648716155e+04 7.556073560870489735e-20
9.838036058676958783e+04 8.815642919101063579e-20
9.887226238970342092e+04 8.568843894411114637e-20
9.936662370165192988e+04 8.207932639005683437e-20
9.986345682016017963e+04 9.051958053731537337e-20
1.003627741042609705e+05 8.461680122177573728e-20
1.008645879747822619e+05 8.203669613707567379e-20
1.013689109146561677e+05 9.092354811950605047e-20
1.018757554692294507e+05 8.723765199527924044e-20
1.023851342465755879e+05 8.349892913945425378e-20
1.028970599178084522e+05 7.231479511623716702e-20
1.034115452173974772e+05 7.972621048357684635e-20
1.039286029434844531e+05 8.000012075008177915e-20
1.044482459582018637e+05 8.676651943841357754e-20
1.049704871879928542e+05 6.674395719150996107e-20
1.054953396239327994e+05 6.322835807740127090e-20
1.060228163220524584e+05 7.496003696319447828e-20
1.065529304036627000e+05 7.955996083931869633e-20
1.070856950556810043e+05 7.076701448136996773e-20
1.076211235309594194e+05 7.537300291821410639e-20
1.081592291486141912e+05 7.534493854258278528e-20
1.087000252943572414e+05 7.603401988784200028e-20
1.092435254208290280e+05 7.208310699671481502e-20
1.097897430479331524e+05 7.110327099605728209e-20
1.103386917631728138e+05 6.477281563705164431e-20
1.108903852219886612e+05 7.717165548143300930e-20
1.114448371480985807e+05 8.080588931114888748e-20
1.120020613338390685e+05 8.196640472224171888e-20
1.125620716405082494e+05 8.158842617891098302e-20
1.131248819987107709e+05 7.288345129109456516e-20
1.136905064087043284e+05 7.768454820248875441e-20
1.142589589407478343e+05 7.385920566816861325e-20
1.148302537354515516e+05 6.264650999788573060e-20
1.154044050041287992e+05 7.353944912967225242e-20
1.159814270291494322e+05 6.300889120627075655e-20
1.165613341642951709e+05 7.584451318184986446e-20
1.171441408351166319e+05 6.857363085677497537e-20
1.177298615392921929e+05 6.200124265749811303e-20
1.183185108469886472e+05 7.161078114896280469e-20
1.189101034012235905e+05 7.372854630357301625e-20
1.195046539182296838e+05 7.103466508051682424e-20
1.201021771878208092e+05 6.427263302420442187e-20
1.207026880737599131e+05 7.541494817397671355e-20
1.213062015141286975e+05 6.132627578398504066e-20
1.219127325216993340e+05 6.987624077986105121e-20
1.225222961843078083e+05 6.951210843888969607e-20
1.231349076652293297e+05 6.480681427134083706e-20
1.237505822035554593e+05 5.870418023475854729e-20
1.243693351145732449e+05 6.059200682931422315e-20
1.249911817901460890e+05 7.257779368998242150e-20
1.256161376990968129e+05 5.614352537041847646e-20
1.262442183875922783e+05 5.781273112793549739e-20
1.268754394795302360e+05 5.795041712471265079e-20
1.275098166769278614e+05 6.645676962681793251e-20
1.281473657603124739e+05 5.206362529224972132e-20
1.287881025891140162e+05 6.330135067296051426e-20
1.294320431020595570e+05 6.504048532075699676e-20
1.300792033175698452e+05 6.353021357084351128e-20
1.307295993341576686e+05 5.886063313025581196e-20
1.313832473308284243e+05 5.234985685687536126e-20
1.320401635674825520e+05 5.586318163014904454e-20
1.327003643853199610e+05 5.166464243113721216e-20
1.333638662072465522e+05 5.111962120869785465e-20
1.340306855382827634e+05 5.048027953388276578e-20
1.347008389659741661e+05 4.726800169706577026e-20
1.353743431608040119e+05 6.166781536664712277e-20
1.360512148766080209e+05 4.435788924785134445e-20
1.367314709509910608e+05 5.377740884342181056e-20
1.374151283057460096e+05 4.072247601033105400e-20
1.381022039472747128e+05 5.401307831140036551e-20
1.387927149670110666e+05 4.649900068414094174e-20
1.394866785418461077e+05 4.409174135682235939e-20
1.401841119345553452e+05 4.622668460447586458e-20
1.408850324942281004e+05 5.292650583961979936e-20
1.415894576566992328e+05 5.156295366934938743e-20
1.422974049449827289e+05 5.204435551687959691e-20
1.430088919697076199e+05 4.149030132911586467e-20
1.437239364295561390e+05 5.070731242278074470e-20
1.444425561117039178e+05 4.143627104679649268e-20
1.451647688922623929e+05 3.035252422403882786e-20
1.458905927367237164e+05 4.062459668180107900e-20
1.466200457004072960e+05 5.591421859478775897e-20
1.473531459289093036e+05 5.298223484443842675e-20
1.480899116585538432e+05 5.485673341356026978e-20
1.488303612168465625e+05 3.681107855773124320e-20
1.495745130229307979e+05 5.260752580885355635e-20
1.503223855880454357e+05 6.568843606218294241e-20
1.510739975159856549e+05 6.454300259492640973e-20
1.518293675035655615e+05 4.899232782749636885e-20
1.525885143410833844e+05 5.692468004163240263e-20
1.533514569127887953e+05 5.044540824412112864e-20
1.541182141973527032e+05 5.467155158374000343e-20
1.548888052683394635e+05 5.393949213645244994e-20
1.556632492946811544e+05 5.753236351741425268e-20
1.564415655411545304e+05 4.628774969102367916e-20
1.572237733688603039e+05 5.460103038611725942e-20
1.580098922357045813e+05 5.592178482437446365e-20
1.587999416968831210e+05 5.527857047782981474e-20
1.595939414053674845e+05 1.848044534867471032e-20
1.603919111123943294e+05 5.638331651701204495e-20
1.611938706679563038e+05 5.214776111989729991e-20
1.619998400212960551e+05 5.628724028991494996e-20
1.628098392214025371e+05 6.123469876859036885e-20
1.636238884175095009e+05 5.338508982934105869e-20
1.644420078595970408e+05 5.546077810280782940e-20
1.652642178988950327e+05 5.949252924358475724e-20
1.660905389883894823e+05 6.102154524684644228e-20
1.669209916833314346e+05 6.166539606746476011e-20
1.677555966417480377e+05 6.260978276461382813e-20
1.685943746249568067e+05 6.158587502291432641e-20
1.694373464980815770e+05 5.797861605228532068e-20
1.702845332305719494e+05 6.456924478709487221e-20
1.711359558967248013e+05 6.624868912589148436e-20
1.719916356762084179e+05 5.312256327713966999e-20
1.728515938545894169e+05 6.580312035177177137e-20
1.737158518238623510e+05 6.101888325961004604e-20
1.745844310829816386e+05 5.594046491547508007e-20
1.754573532383965212e+05 6.240086429072128829e-20
1.763346400045885239e+05 5.531356649350255648e-20
1.772163132046114188e+05 6.516359213328025505e-20
1.781023947706344479e+05 6.304585072093243646e-20
1.789929067444876418e+05 5.739150145881930175e-20
1.798878712782100483e+05 5.433941413085734726e-20
1.807873106346011045e+05 6.282073213688061859e-20
1.816912471877740463e+05 5.653890215407453126e-20
1.825997034237129265e+05 6.436392538806023366e-20
1.835127019408314663e+05 5.987388370048357755e-20
1.844302654505355749e+05 5.343245762913548016e-20
1.853524167777882540e+05 6.246513529780791278e-20
1.862791788616771810e+05 5.787245625455413801e-20
1.872105747559855517e+05 5.902732262906842970e-20
1.881466276297654549e+05 6.390242597173735536e-20
1.890873607679142442e+05 6.282968205483515811e-20
1.900327975717538502e+05 5.924935036208798810e-20
1.909829615596125950e+05 6.074690380924910852e-20
1.919378763674106158e+05 5.728141537993725136e-20
1.928975657492476166e+05 5.553567215549593162e-20
1.938620535779938800e+05 5.857795469425539564e-20
1.948313638458837813e+05 6.049495345889771062e-20
1.958055206651131739e+05 6.005312938474708060e-20
1.967845482684386952e+05 6.267736504917905322e-20
1.977684710097809148e+05 5.852270514714902601e-20
1.987573133648297808e+05 5.477439603544695665e-20
1.997510999316538800e+05 5.999301800025270752e-20
2.007498554313121422e+05 5.540478644616292458e-20
2.017536047084686579e+05 5.918656777567783583e-20
2.027623727320109610e+05 5.911961088333358418e-20
2.037761845956710167e+05 5.670287232178007767e-20
2.047950655186493241e+05 5.952807085656224108e-20
2.058190408462425694e+05 5.698728698421716125e-20
2.068481360504737822e+05 5.429497706006834041e-20
2.078823767307261005e+05 5.693584259329703435e-20
2.089217886143797077e+05 5.775223543118521342e-20
2.099663975574515935e+05 5.566005614409181507e-20
2.110162295452388353e+05 5.680162739104976273e-20
2.120713106929649948e+05 6.596211752372052542e-20
2.131316672464297735e+05 8.202753809337608732e-20
2.141973255826618988e+05 9.047940825405365337e-20
2.152683122105752118e+05 1.104174445198825918e-19
2.163446537716280727e+05 5.284310034437962598e-20
2.174263770404862007e+05 1.212467474659382023e-19
2.185135089256885694e+05 5.517175526614112093e-20
2.196060764703170280e+05 1.263792138354492760e-19
2.207041068526685995e+05 1.185130595052129416e-19
2.218076273869318829e+05 8.977657944005413893e-20
2.229166655238665116e+05 1.337297657924082288e-19
2.240312488514858414e+05 9.105281419034352558e-20
2.251514050957432191e+05 1.241817096628498115e-19
2.262771621212219179e+05 6.943022419314922341e-20
2.274085479318280122e+05 1.373339336265870804e-19
2.285455906714871235e+05 1.419097609683637698e-19
2.296883186248445418e+05 1.379205350001789925e-19
2.308367602179687237e+05 1.372837710269219638e-19
2.319909440190585447e+05 1.342387909408148406e-19
2.331508987391538103e+05 9.416772582245556549e-20
2.343166532328495523e+05 1.178552704986232309e-19
2.354882364990137867e+05 1.337758786348357683e-19
2.366656776815088233e+05 1.311108112892907549e-19
2.378490060699163587e+05 1.270566725339910411e-19
2.390382511002659157e+05 1.264529147110060348e-19
2.402334423557671835e+05 1.353544749934770461e-19
2.414346095675459947e+05 1.308938082532916110e-19
2.426417826153837086e+05 1.251643651841804062e-19
2.438549915284605813e+05 1.268338401934576480e-19
2.450742664861028898e+05 1.164870993394249861e-19
2.462996378185333742e+05 9.831206865585154096e-20
2.475311360076260462e+05 8.898505445369317121e-20
2.487687916876641684e+05 1.194002485833347451e-19
2.500126356461024552e+05 1.196685742974381792e-19
2.512626988243329688e+05 1.270516569039574237e-19
2.525190123184546246e+05 1.179800785940423197e-19
2.537816073800468876e+05 1.196932101093813778e-19
2.550505154169470770e+05 1.198071484374493418e-19
2.563257679940317757e+05 1.202464930607535774e-19
2.576073968340018764e+05 1.192317169669410076e-19
2.588954338181718485e+05 1.197472028220649624e-19
2.601899109872626723e+05 1.216152881823660522e-19
2.614908605421989341e+05 1.160168791070711914e-19
2.627983148449099390e+05 1.192486944329687782e-19
2.641123064191343728e+05 1.154981385737366010e-19
2.654328679512300878e+05 1.169155146102476760e-19
2.667600322909862152e+05 1.153408711021771216e-19
2.680938324524411000e+05 1.103294334706181240e-19
2.694343016147032613e+05 1.102883669187204308e-19
2.707814731227767188e+05 1.105813127597928664e-19
2.721353804883906269e+05 1.117591212808100839e-19
2.734960573908325168e+05 1.115642545462838990e-19
2.748635376777867205e+05 1.068011513378873615e-19
2.762378553661755868e+05 8.690424769053660246e-20
2.776190446430064039e+05 9.028310090764389674e-20
2.790071398662214633e+05 1.032755049385603174e-19
2.804021755655525485e+05 9.884352060157138636e-20
2.818041864433802548e+05 1.066065454809990443e-19
2.832132073755971505e+05 1.061749177738226539e-19
2.846292734124750714e+05 1.012259384871388254e-19
2.860524197795374203e+05 9.974237276709125917e-20
2.874826818784350762e+05 9.734675716221157163e-20
2.889200952878272510e+05 9.842882858116016891e-20
2.903646957642663619e+05 9.300978005986795312e-20
2.918165192430876195e+05 9.343801311119888381e-20
2.932756018393030390e+05 9.357239104360648152e-20
2.947419798484995845e+05 9.447854546247924459e-20
2.962156897477420280e+05 9.359075176423641708e-20
2.976967681964806980e+05 8.880555927254249180e-20
2.991852520374630112e+05 9.103491935728844983e-20
3.006811782976503018e+05 9.121417413137259939e-20
3.021845841891384916e+05 9.313326149516378848e-20
3.036955071100841742e+05 9.173348261425392370e-20
3.052139846456345986e+05 9.387290449119296139e-20
3.067400545688627171e+05 9.112078623184077652e-20
3.082737548417070066e+05 8.889830086470636558e-20
3.098151236159155378e+05 9.165305798721476671e-20
3.113641992339950521e+05 8.888829695575821272e-20
3.129210202301649842e+05 8.754290984955932447e-20
3.144856253313157358e+05 8.789334552619054489e-20
3.160580534579723026e+05 8.812046037431412654e-20
3.176383437252621516e+05 8.592882315984571086e-20
3.192265354438883951e+05 8.701074392461551939e-20
3.208226681211077957e+05 8.419177980640449546e-20
3.224267814617133117e+05 8.082390235047752522e-20
3.240389153690218227e+05 8.349173172392074884e-20
3.256591099458669196e+05 8.344300972078268122e-20
3.272874054955962347e+05 8.087484880878976631e-20
3.289238425230741268e+05 8.210999395643278369e-20
3.305684617356894887e+05 8.026949660029363887e-20
3.322213040443678619e+05 8.063811134806082868e-20
3.338824105645896634e+05 7.970719369741969848e-20
3.355518226174125448e+05 7.484645953472982179e-20
3.372295817304995726e+05 7.789048974805532760e-20
3.389157296391520649e+05 7.680452693565745408e-20
3.406103082873477251e+05 7.731673749986209815e-20
3.423133598287844798e+05 7.598268181088516645e-20
3.440249266279283911e+05 7.623596633133647169e-20
3.457450512610679143e+05 7.704245452450771965e-20
3.474737765173732769e+05 7.085999192196301251e-20
3.492111453999601072e+05 7.467881226286148968e-20
3.509572011269598734e+05 6.966989695608588203e-20
3.527119871325945714e+05 7.296908850885760362e-20
3.544755470682575833e+05 7.128780436594807560e-20
3.562479248035987839e+05 6.736002027223820763e-20
3.580291644276167499e+05 7.172852066638118737e-20
3.598193102497548098e+05 6.763338634410987223e-20
3.616184068010034971e+05 6.961209416959071069e-20
3.634264988350084750e+05 6.877797284815304947e-20
3.652436313291834667e+05 6.787414578552219675e-20
3.670698494858293561e+05 6.903230194248800069e-20
3.689051987332584104e+05 6.749650340403440202e-20
3.707497247269246727e+05 6.623208763297894815e-20
3.726034733505593031e+05 6.168031917769430551e-20
3.744664907173120300e+05 5.993730442938773824e-20
3.763388231708985404e+05 6.213230800326306190e-20
3.782205172867530491e+05 6.306486614212978078e-20
3.801116198731868062e+05 6.312475934282576889e-20
3.820121779725526576e+05 6.250812579411920968e-20
3.839222388624154264e+05 6.134906826721487951e-20
3.858418500567274750e+05 6.236369824226653860e-20
3.877710593070110772e+05 6.092396921952897142e-20
3.897099146035460290e+05 6.033663056781779935e-20
3.916584641765637789e+05 6.060008153396918646e-20
3.936167564974465640e+05 5.922228554149168371e-20
3.955848402799337637e+05 5.900891667882917607e-20
3.975627644813333754e+05 5.891200072124553435e-20
3.995505783037400106e+05 5.592615175159071170e-20
4.015483311952587101e+05 5.693976497284874193e-20
4.035560728512349306e+05 5.576955024848430068e-20
4.055738532154911081e+05 5.553038250122290672e-20
4.076017224815685186e+05 5.635528438233920492e-20
4.096397310939762974e+05 5.531949561126546828e-20
4.116879297494461061e+05 5.644514391033506227e-20
4.137463693981932593e+05 5.644820043276830886e-20
4.158151012451841962e+05 5.534637044879209253e-20
4.178941767514101230e+05 5.550098209773458630e-20
4.199836476351670572e+05 5.629572636781031293e-20
4.220835658733427990e+05 5.455330993272908995e-20
4.241939837027095491e+05 5.553803467694982081e-20
4.263149536212230450e+05 5.544889302512258007e-20
4.284465283893290907e+05 5.476330365809427728e-20
4.305887610312757315e+05 5.417751825171782510e-20
4.327417048364320071e+05 5.384461527160538836e-20
4.349054133606140967e+05 5.276028954508593785e-20
4.370799404274171684e+05 5.245168571862248155e-20
4.392653401295542717e+05 5.097737426721207883e-20
4.414616668302019243e+05 5.116998912081789499e-20
4.436689751643529162e+05 5.089964510582645427e-20
4.458873200401745853e+05 4.986972270825032621e-20
4.481167566403753590e+05 5.019940679321740647e-20
4.503573404235772323e+05 4.844882591083085601e-20
4.526091271256951150e+05 4.794517533065071418e-20
4.548721727613235125e+05 4.865450369511039659e-20
4.571465336251300760e+05 4.767116119517360970e-20
4.594322662932556705e+05 4.717289705187221575e-20
4.617294276247219532e+05 4.747426399706824158e-20
4.640380747628455283e+05 4.605111297707028391e-20
4.663582651366596692e+05 4.642532738153540291e-20
4.686900564623428509e+05 4.241647672870291160e-20
4.710335067446544999e+05 4.525833952061457367e-20
4.733886742783777299e+05 4.582516526373001977e-20
4.757556176497695269e+05 4.577365905365785833e-20
4.781343957380183274e+05 4.490587411476353281e-20
4.805250677167083486e+05 4.371420438075795651e-20
4.829276930552918348e+05 4.505793888314854260e-20
4.853423315205682302e+05 4.501861141947137016e-20
4.877690431781709776e+05 4.504991225380199790e-20
4.902078883940618252e+05 4.281835322579003830e-20
4.926589278360321769e+05 4.196106327529669535e-20
4.951222224752121838e+05 4.321340789747854071e-20
4.975978335875881603e+05 4.171778077967845665e-20
5.000858227555261110e+05 4.309773990072938530e-20
5.025862518693036400e+05 4.274904934144164833e-20
5.050991831286500674e+05 3.821733277040573381e-20
5.076246790442932979e+05 4.240158328425051584e-20
5.101628024395147222e+05 4.204610943323388349e-20
5.127136164517121506e+05 3.814827623279838946e-20
5.152771845339707215e+05 4.174655068019663078e-20
5.178535704566405038e+05 4.114778655755082949e-20
5.204428383089236449e+05 4.184055989396355168e-20
5.230450525004682131e+05 4.122949150722164687e-20
5.256602777629705379e+05 3.598687260154664774e-20
5.282885791517853504e+05 3.945071629802756493e-20
5.309300220475441311e+05 3.970544212963818614e-20
5.335846721577817807e+05 3.914809409372114191e-20
5.362525955185707426e+05 3.865737226227628384e-20
5.389338584961636225e+05 3.877323778030704373e-20
5.416285277886443073e+05 3.778788868909551244e-20
5.443366704275875818e+05 3.541807822113320764e-20
5.470583537797253812e+05 3.773060391116979604e-20
5.497936455486238701e+05 3.721503795261623421e-20
5.525426137763670413e+05 3.721006524436711488e-20
5.553053268452488119e+05 3.641484973061622467e-20
5.580818534794750158e+05 3.644274749577906463e-20
5.608722627468722640e+05 3.642067461712351491e-20
5.636766240606065840e+05 3.592869838413852121e-20
5.664950071809095098e+05 3.587359840263062410e-20
5.693274822168140672e+05 3.516644726670502704e-20
5.721741196278980933e+05 3.387899072982054250e-20
5.750349902260375675e+05 3.400902668706983344e-20
5.779101651771676261e+05 3.439667352851385663e-20
5.807997160030533560e+05 3.413840039304283511e-20
5.837037145830686204e+05 3.421928413264173294e-20
5.866222331559839658e+05 3.410283170684183046e-20
5.895553443217638414e+05 3.367089938024949333e-20
5.925031210433725500e+05 3.323371055499184628e-20
5.954656366485893959e+05 3.290203603200060323e-20
5.984429648318323307e+05 3.244291711310075996e-20
6.014351796559914947e+05 3.192239567791606505e-20
6.044423555542713730e+05 3.165332536250719162e-20
6.074645673320426140e+05 3.098251267206412849e-20
6.105018901687026955e+05 3.104935517083230577e-20
6.135543996195462532e+05 3.090119477437539354e-20
6.166221716176439077e+05 3.019848301821436385e-20
6.197052824757320341e+05 2.942200243867465286e-20
6.228038088881106814e+05 2.835437561142489217e-20
6.259178279325510375e+05 2.835092685448786647e-20
6.290474170722138369e+05 2.845326652806693818e-20
6.321926541575747542e+05 2.829847150601274579e-20
6.353536174283626024e+05 2.822051912419523379e-20
6.385303855155044002e+05 2.812558793677849043e-20
6.417230374430818483e+05 2.766924432872770103e-20
6.449316526302972343e+05 2.734730409358888272e-20
6.481563108934486518e+05 2.706486696634542994e-20
6.513970924479158130e+05 2.675089818737465532e-20
6.546540779101554072e+05 2.713509597239458116e-20
6.579273482997061219e+05 2.688072480560575345e-20
6.612169850412044907e+05 2.655068434066850241e-20
6.645230699664104031e+05 2.611478243690202203e-20
6.678456853162425105e+05 2.588735522917931319e-20
6.711849137428235263e+05 2.543313222639009105e-20
6.745408383115376346e+05 2.499059226348176895e-20
6.779135425030952320e+05 2.493739167605141016e-20
6.813031102156105917e+05 2.412883719122915756e-20
6.847096257666884921e+05 2.461841551710582419e-20
6.881331738955220208e+05 2.389265970968974675e-20
6.915738397649995750e+05 2.416062801677088931e-20
6.950317089638243197e+05 2.420772831099916896e-20
6.985068675086435396e+05 2.384343779699549528e-20
7.019994018461867236e+05 2.342497836457089264e-20
7.055093988554175012e+05 2.341076786506869554e-20
7.090369458496944280e+05 2.283644285358705037e-20
7.125821305789428297e+05 2.265871954082341109e-20
7.161450412318373565e+05 2.241779752145884566e-20
7.197257664379965281e+05 2.238835954730443156e-20
7.233243952701864764e+05 2.220775156072887202e-20
7.269410172465373762e+05 2.193119142010450641e-20
7.305757223327700049e+05 2.075784247793452165e-20
7.342286009444337105e+05 2.154778931837023350e-20
7.378997439491557889e+05 2.153834897977155530e-20
7.415892426689015701e+05 2.149240521022466880e-20
7.452971888822459150e+05 2.119062050382994650e-20
7.490236748266570503e+05 2.092178690066847514e-20
7.527687932007901836e+05 2.081657839858773453e-20
7.565326371667941567e+05 2.038587568339203584e-20
7.603153003526281100e+05 2.020743036362017876e-20
7.641168768543911865e+05 2.038186077043084393e-20
7.679374612386629451e+05 2.022315617832850994e-20
7.717771485448561143e+05 1.982901424485896716e-20
7.756360342875804054e+05 1.941879568430650382e-20
7.795142144590183161e+05 1.956804835747329580e-20
7.834117855313131586e+05 1.940514157252820752e-20
7.873288444589696592e+05 1.939114415074829594e-20
7.912654886812645709e+05 1.899943287843902773e-20
7.952218161246706732e+05 1.839839984990527071e-20
7.991979252052940428e+05 1.829387329014506987e-20
8.031939148313204059e+05 1.773492832496245857e-20
8.072098844054769725e+05 1.771669975729794432e-20
8.112459338275041664e+05 1.772974721411137597e-20
8.153021634966416750e+05 1.762210453017780929e-20
8.193786743141247425e+05 1.779965103927828376e-20
8.234755676856952487e+05 1.731245901198890723e-20
8.275929455241236137e+05 1.702359442187324871e-20
8.317309102517440915e+05 1.716535500833924611e-20
8.358895648030027514e+05 1.669464642185202474e-20
8.400690126270178007e+05 1.656255307009367434e-20
8.442693576901527122e+05 1.682144789879854023e-20
8.484907044786034385e+05 1.669672216305737508e-20
8.527331580009963363e+05 1.675010849773541970e-20
8.569968237910012249e+05 1.640294545552653046e-20
8.612818079099560855e+05 1.621683126225993738e-20
8.655882169495057315e+05 1.677322372229433707e-20
8.699161580342531670e+05 1.666564872202858757e-20
8.742657388244244503e+05 1.619332986670860055e-20
8.786370675185464788e+05 1.624785994655716292e-20
8.830302528561390936e+05 1.599397534209695221e-20
8.874454041204196401e+05 1.551816798674426025e-20
8.918826311410217313e+05 1.570560847716879647e-20
8.963420442967268173e+05 1.551620337139135690e-20
9.008237545182103058e+05 1.491752657753300223e-20
9.053278732908014208e+05 1.521812831612749288e-20
9.098545126572552836e+05 1.519967477339262179e-20
9.144037852205412928e+05 1.505961350150562720e-20
9.189758041466439608e+05 1.504418534230842176e-20
9.235706831673771376e+05 1.475686429398747277e-20
9.281885365832138341e+05 1.504219461025409316e-20
9.328294792661298998e+05 1.501611195680572119e-20
9.374936266624603886e+05 1.472280848613584152e-20
9.421810947957725730e+05 1.460716109993189197e-20
9.468920002697512973e+05 1.444007927113175537e-20
9.516264602711000480e+05 1.487714009292088420e-20
9.563845925724554108e+05 1.420007304846491235e-20
9.611665155353174778e+05 1.425844100022236391e-20
9.659723481129938737e+05 1.441789095510677725e-20
9.708022098535589175e+05 1.417342217836859203e-20
9.756562209028266370e+05 1.428365478004284182e-20
9.805345020073407795e+05 1.385453868271646556e-20
9.854371745173772797e+05 1.357029032793232415e-20
9.903643603899641894e+05 1.350236289801277097e-20
9.953161821919138310e+05 1.329036247983426766e-20
1.000292763102873228e+06 1.356973808413728541e-20
1.005294226918387460e+06 1.301347346713332810e-20
1.010320698052979074e+06 1.260957274840383286e-20
1.015372301543243928e+06 1.291306231956239864e-20
1.020449163050960051e+06 1.179703375518288339e-20
1.025551408866214566e+06 1.229532499572675510e-20
1.030679165910545504e+06 1.205466307046434394e-20
1.035832561740098172e+06 1.173946807180619542e-20
1.041011724548798520e+06 1.102316799377334697e-20
1.046216783171542338e+06 1.066575910850531581e-20
1.051447867087400053e+06 1.143809373622800103e-20
1.056705106422836659e+06 1.113884484097336204e-20
1.061988631954950746e+06 1.061387018617878028e-20
1.067298575114725390e+06 1.026559347872459964e-20
1.072635067990298849e+06 1.026446514876378178e-20
1.077998243330250261e+06 9.920353315964923849e-21
1.083388234546901425e+06 1.062751357497579481e-20
1.088805175719636027e+06 1.019697703488758290e-20
1.094249201598234009e+06 1.011744462218076375e-20
1.099720447606225265e+06 1.038235356840608062e-20
1.105219049844256137e+06 9.471477324704629854e-21
1.110745145093477564e+06 9.500116778026733891e-21
1.116298870818944648e+06 9.781658268893443793e-21
1.121880365173039259e+06 9.682521432315661722e-21
1.127489766998904292e+06 8.866598135043468134e-21
1.133127215833898867e+06 9.180501459224703346e-21
1.138792851913068211e+06 8.829668279585966149e-21
1.144486816172633320e+06 9.337256007613680714e-21
1.150209250253496226e+06 9.186082281978897237e-21
1.155960296504763421e+06 8.593747925788763458e-21
1.161740097987287212e+06 8.241548419538413219e-21
1.167548798477223609e+06 8.287120423218823073e-21
1.173386542469609529e+06 7.984441956974218536e-21
1.179253475181957241e+06 7.931118160576414482e-21
1.185149742557866964e+06 8.107253625015657261e-21
1.191075491270656232e+06 8.141582552578240442e-21
1.197030868727009278e+06 7.852711365777188739e-21
1.203016023070644354e+06 7.781074570172251798e-21
1.209031103185997345e+06 7.673352647168408237e-21
1.215076258701927261e+06 7.630152762283471154e-21
1.221151639995436883e+06 7.320631344098164483e-21
1.227257398195413873e+06 7.341157871606807876e-21
1.233393685186390765e+06 7.089921256641080801e-21
1.239560653612322640e+06 6.897367389815289629e-21
1.245758456880384125e+06 6.723576568644346848e-21
1.251987249164785724e+06 6.426718436879115451e-21
1.258247185410609702e+06 6.238848412987011947e-21
1.264538421337662498e+06 6.368646961667493251e-21
1.270861113444350660e+06 6.444982870906693960e-21
1.277215419011572143e+06 6.431154571606004052e-21
1.283601496106629958e+06 6.109171019072333559e-21
1.290019503587162821e+06 6.014495588349793178e-21
1.296469601105098613e+06 5.993373969285010161e-21
1.302951949110624148e+06 5.681989481574959055e-21
1.309466708856177051e+06 5.620657650855947097e-21
1.316014042400457896e+06 6.157172396382305847e-21
1.322594112612459809e+06 5.244844533351362552e-21
1.329207083175522275e+06 5.921553878541329825e-21
1.335853118591399631e+06 5.366366489378039892e-21
1.342532384184356546e+06 5.011271893831747914e-21
1.349245046105277957e+06 5.394690164870463822e-21
1.355991271335804136e+06 4.858069919612037518e-21
1.362771227692483226e+06 5.138260848256121405e-21
1.369585083830945427e+06 4.865684271734787818e-21
1.376433009250100004e+06 4.165112303655554020e-21
1.383315174296350451e+06 4.175923286909946196e-21
1.390231750167832011e+06 4.043365626571616963e-21
1.397182908918671077e+06 3.795826368912619563e-21
1.404168823463264387e+06 3.729998775551431833e-21
1.411189667580580572e+06 3.419147170021615528e-21
1.418245615918483119e+06 3.212457521615191456e-21
1.425336843998075463e+06 3.229240352880361950e-21
1.432463528218065621e+06 3.062015143291085071e-21
1.439625845859155757e+06 3.131636026758438212e-21
1.446823975088451523e+06 3.077036955334542027e-21
1.454058094963893527e+06 3.108799786589456914e-21
1.461328385438713012e+06 3.112743319115643032e-21
1.468635027365906164e+06 3.172253034357606379e-21
1.475978202502735658e+06 3.116115736438471789e-21
1.483358093515249202e+06 3.255723059073683062e-21
1.490774883982825326e+06 3.178267172768009334e-21
1.498228758402739186e+06 3.360007428606994044e-21
1.505719902194752591e+06 3.210212383802016105e-21
1.513248501705726143e+06 3.394760226405618860e-21
1.520814744214254664e+06 3.351424558995393162e-21
1.528418817935325671e+06 3.097187985034164879e-21
1.536060912025002297e+06 3.246618996910823200e-21
1.543741216585127171e+06 3.113547749072341010e-21
1.551459922668052372e+06 3.390342704810470980e-21
1.559217222281392664e+06 3.387603686983168072e-21
1.567013308392799459e+06 3.338862583113122938e-21
1.574848374934763415e+06 3.169771708434591669e-21
1.582722616809436819e+06 3.265041979693133249e-21
1.590636229893483920e+06 3.311067491698726650e-21
1.598589411042951047e+06 3.133203736247224957e-21
1.606582358098165598e+06 3.133779303293291594e-21
1.614615269888656214e+06 2.913029496105915908e-21
1.622688346238099504e+06 2.698864058316412273e-21
1.630801787969289813e+06 2.933310676326725191e-21
1.638955796909136465e+06 2.803765236061933199e-21
1.647150575893681962e+06 2.587837483201196634e-21
1.655386328773150221e+06 2.666408721659381294e-21
1.663663260417015292e+06 2.401169505637134840e-21
1.671981576719100354e+06 2.317203738861413316e-21
1.680341484602695564e+06 2.179552051384179957e-21
1.688743192025709199e+06 2.112484477049621877e-21
1.697186907985837664e+06 2.053817193779633933e-21
1.705672842525766464e+06 2.004546188259761922e-21
1.714201206738395151e+06 1.981069513322580972e-21
1.722772212772087194e+06 1.935773043517096562e-21
1.731386073835947318e+06 1.902806461265687912e-21
1.740043004205127014e+06 1.894009583995759369e-21
1.748743219226152170e+06 1.880074816743271672e-21
1.757486935322282836e+06 1.851177044613187487e-21
1.766274369998894166e+06 1.838175902911311732e-21
1.775105741848888341e+06 1.812849676144521026e-21
1.783981270558132790e+06 1.784476222334003948e-21
1.792901176910923095e+06 1.764040774740045552e-21
1.801865682795477565e+06 1.734365997748555995e-21
1.810875011209454620e+06 1.723269689857963958e-21
1.819929386265501613e+06 1.722907266956272418e-21
1.829029033196829027e+06 1.704042020080005064e-21
1.838174178362812847e+06 1.697105450040404840e-21
1.847365049254626967e+06 1.714162933090555548e-21
1.856601874500899808e+06 1.782926696566117715e-21
1.865884883873404004e+06 1.874751870814781477e-21
1.875214308292770758e+06 1.942200479824028244e-21
1.884590379834234482e+06 2.002908754660511891e-21
1.894013331733405357e+06 1.860314014950319340e-21
1.903483398392072180e+06 1.722856336111039186e-21
1.913000815384032205e+06 1.696261962694032081e-21
1.922565819460951956e+06 1.639789947074665955e-21
1.932178648558256449e+06 1.639868785798057511e-21
1.941839541801047511e+06 1.663847411483087976e-21
1.951548739510052372e+06 1.698578759385593267e-21
1.961306483207602520e+06 1.702997332214064121e-21
1.971113015623640269e+06 1.627623044240011540e-21
1.980968580701758387e+06 1.616797228056982010e-21
1.990873423605267424e+06 1.551361482120728279e-21
2.000827790723293554e+06 1.562828843911915077e-21
2.010831929676909465e+06 1.531187253792591331e-21
2.020886089325293666e+06 1.442637586779538983e-21
2.030990519771920284e+06 1.464874208439522433e-21
2.041145472370779375e+06 1.423081606623814494e-21
2.051351199732632842e+06 1.419831075181159988e-21
2.061607955731295748e+06 1.374608030589851019e-21
2.071915995509952307e+06 1.311638589089142342e-21
2.082275575487501686e+06 1.263316024411652156e-21
2.092686953364938730e+06 1.233666393280593421e-21
2.103150388131763320e+06 1.176802661598524647e-21
2.113666140072422102e+06 1.135091298902263056e-21
2.124234470772784203e+06 1.102419805000074646e-21
2.134855643126647454e+06 1.051636750231022724e-21
2.145529921342280693e+06 1.028913648383120757e-21
2.156257570948991925e+06 1.009193378113352254e-21
2.167038858803736512e+06 9.903716519478071708e-22
2.177874053097754717e+06 9.696442090942268104e-22
2.188763423363243695e+06 9.572731705129687656e-22
2.199707240480059758e+06 9.397050635017415352e-22
2.210705776682459749e+06 9.249667792329312874e-22
2.221759305565872230e+06 9.094450394625691381e-22
2.232868102093701251e+06 8.998080558214953744e-22
2.244032442604169250e+06 8.907897985284743779e-22
2.255252604817190208e+06 8.813695500814170335e-22
2.266528867841275409e+06 8.719122119778420820e-22
2.277861512180482037e+06 8.607904574040429435e-22
2.289250819741384126e+06 8.510449534331161205e-22
2.300697073840091005e+06 8.530641687491683045e-22
2.312200559209290892e+06 8.505540920558044238e-22
2.323761562005336862e+06 8.519673260230720032e-22
2.335380369815363549e+06 8.592856531908867910e-22
2.347057271664440166e+06 8.522679785723602185e-22
2.358792558022761717e+06 8.201005495800263831e-22
2.370586520812875591e+06 8.105311436357286583e-22
2.382439453416939825e+06 8.257332780622487140e-22
2.394351650684024207e+06 8.101152848953942277e-22
2.406323408937443979e+06 8.159981175076591171e-22
2.418355025982130785e+06 8.133186799658615062e-22
2.430446801112041809e+06 8.068737210756983484e-22
2.442599035117601510e+06 7.694581249200500996e-22
2.454812030293188989e+06 7.298827945403900850e-22
2.467086090444654692e+06 7.146354010563730117e-22
2.479421520896877628e+06 6.658856444899204730e-22
2.491818628501361702e+06 6.447477320468869384e-22
2.504277721643868368e+06 6.254062428433558255e-22
2.516799110252087470e+06 6.323405074212512344e-22
2.529383105803348124e+06 6.241385682684235302e-22
2.542030021332364529e+06 5.958642593274972250e-22
2.554740171439026017e+06 5.944560985053509180e-22
2.567513872296220623e+06 5.838184586299238491e-22
2.580351441657701507e+06 5.499109333002587564e-22
2.593253198865989689e+06 5.193228818020351933e-22
2.606219464860319160e+06 5.026506594059207231e-22
2.619250562184620183e+06 4.947040951777829907e-22
2.632346814995543100e+06 4.908644106784602875e-22
2.645508549070520792e+06 4.875955057738109653e-22
2.658736091815873049e+06 4.770139681391044317e-22
2.672029772274951451e+06 4.586892681556058129e-22
2.685389921136326622e+06 4.577593562973896854e-22
2.698816870742008090e+06 4.626838044410314934e-22
2.712310955095717683e+06 4.529547321052091339e-22
2.725872509871196002e+06 4.419928363463173652e-22
2.739501872420551255e+06 4.307402813066712578e-22
2.753199381782654207e+06 4.293164178755850716e-22
2.766965378691567108e+06 4.191461264168326441e-22
2.780800205585024785e+06 4.130266338623841779e-22
2.794704206612949260e+06 4.058384680661143422e-22
2.808677727646013722e+06 3.989425103305562461e-22
2.822721116284243762e+06 3.850919364435081181e-22
2.836834721865664236e+06 3.771003258681254065e-22
2.851018895474993158e+06 3.793695806649836016e-22
2.865273989952367265e+06 3.712563841485303533e-22
2.879600359902129509e+06 3.611075151171996021e-22
2.893998361701639369e+06 3.597551907494958214e-22
2.908468353510146961e+06 3.579999230598914695e-22
2.923010695277697407e+06 3.545807229318976519e-22
2.937625748754085507e+06 3.544323367014746466e-22
2.952313877497855574e+06 3.519912484079709042e-22
2.967075446885344572e+06 3.484182367659016582e-22
2.981910824119770899e+06 3.471625550597854547e-22
2.996820378240369726e+06 3.446787767112253621e-22
3.011804480131571181e+06 3.388301110996031517e-22
3.026863502532228827e+06 3.306933572227221898e-22
3.041997820044890046e+06 3.218829788181107924e-22
3.057207809145113453e+06 3.154243148025079389e-22
3.072493848190838937e+06 3.099789611869926747e-22
3.087856317431792617e+06 3.080320446017277373e-22
3.103295599018951878e+06 3.058856587614654220e-22
3.118812077014045790e+06 3.025474299472226508e-22
3.134406137399115600e+06 2.994912124347908378e-22
3.150078168086111080e+06 3.004729860924906519e-22
3.165828558926540893e+06 2.984455770968257250e-22
3.181657701721173711e+06 2.973114173900999386e-22
3.197565990229779389e+06 2.999907871203258809e-22
3.213553820180927869e+06 3.014082332370228694e-22
3.229621589281831868e+06 3.008792671113595056e-22
3.245769697228240781e+06 2.991652646714457629e-22
3.261998545714381617e+06 2.935883343833298562e-22
3.278308538442953024e+06 2.845709943386388989e-22
3.294700081135167740e+06 2.804651666023204988e-22
3.311173581540843472e+06 2.742556079062372743e-22
3.327729449448547792e+06 2.710850605289063168e-22
3.344368096695789602e+06 2.668139655010409695e-22
3.361089937179267872e+06 2.632835648820732318e-22
3.377895386865164153e+06 2.600948385285607514e-22
3.394784863799489569e+06 2.608206554932330119e-22
3.411758788118487224e+06 2.633638464752399185e-22
3.428817582059078850e+06 2.685694391452022565e-22
3.445961669969374314e+06 2.849954798725075183e-22
3.463191478319221176e+06 3.025794181448472930e-22
3.480507435710816644e+06 3.350345421088195313e-22
3.497909972889370285e+06 3.726117715232820488e-22
3.515399522753816564e+06 4.251138233031469423e-22
3.532976520367585588e+06 4.561736620024683402e-22
3.550641402969423216e+06 4.498072803740951724e-22
3.568394609984270297e+06 4.177884859424544195e-22
3.586236583034190815e+06 3.575096255394917372e-22
3.604167765949361492e+06 3.150614611244754014e-22
3.622188604779107962e+06 2.809354293947472004e-22
3.640299547803003341e+06 2.593880688693658796e-22
3.658501045542017557e+06 2.391417805588940335e-22
3.676793550769727677e+06 2.291136992637201007e-22
3.695177518523575272e+06 2.207301668625496135e-22
3.713653406116193160e+06 2.172902953489093387e-22
3.732221673146774061e+06 2.134981499145327027e-22
3.750882781512506772e+06 2.097529965021527495e-22
3.769637195420069154e+06 2.078312026536167307e-22
3.788485381397169083e+06 2.078690705782271231e-22
3.807427808304154314e+06 2.074263119715263381e-22
3.826464947345674969e+06 2.042381171224323691e-22
3.845597272082403302e+06 2.015642089986910197e-22
3.864825258442814928e+06 1.979178706010260560e-22
3.884149384735028259e+06 1.952679176459143109e-22
3.903570131658703089e+06 1.923837707249725711e-22
3.923087982316996902e+06 1.893943776910219815e-22
3.942703422228581738e+06 1.867021499896782335e-22
3.962416939339723438e+06 1.860892706341863893e-22
3.982229024036421906e+06 1.874260565789255134e-22
4.002140169156603049e+06 1.872671566826631753e-22
4.022150870002385229e+06 1.889228082190732836e-22
4.042261624352396466e+06 1.915974595720382230e-22
4.062472932474158704e+06 1.952305840222129346e-22
4.082785297136529349e+06 2.004645874318286916e-22
4.103199223622211721e+06 2.066910230329800129e-22
4.123715219740322325e+06 2.134935277114305201e-22
4.144333795839022845e+06 2.226752951535345908e-22
4.165055464818217792e+06 2.325276981954671695e-22
4.185880742142308503e+06 2.450638079934453060e-22
4.206810145853020251e+06 2.602391978761452980e-22
4.227844196582284756e+06 2.812294312783094957e-22
4.248983417565194890e+06 3.067784257067796572e-22
4.270228334653019905e+06 3.361105342034739734e-22
4.291579476326285861e+06 3.643797925741839755e-22
4.313037373707916588e+06 3.887049725863998483e-22
4.334602560576454736e+06 3.967354602515979416e-22
4.356275573379336856e+06 3.968959495696383105e-22
4.378056951246233657e+06 3.875142760005826399e-22
4.399947236002463847e+06 3.771931086666999549e-22
4.421946972182475962e+06 3.707158335574710852e-22
4.444056707043386996e+06 3.637115856760746137e-22
4.466276990578603931e+06 3.507950307630424416e-22
4.488608375531496480e+06 3.341422439100890092e-22
4.511051417409153655e+06 3.097659422827703422e-22
4.533606674496198073e+06 2.839141034584674946e-22
4.556274707868679427e+06 2.568800978350391904e-22
4.579056081408022903e+06 2.337888412305897267e-22
4.601951361815062352e+06 2.131537356209200398e-22
4.624961118624137715e+06 1.982339926675089458e-22
4.648085924217257649e+06 1.847729004132414696e-22
4.671326353838343173e+06 1.768128710388655115e-22
4.694682985607534647e+06 1.693317154758494601e-22
4.718156400535571389e+06 1.656528732599861417e-22
4.741747182538249530e+06 1.625341532398191408e-22
4.765455918450940400e+06 1.619016868534044614e-22
4.789283198043193668e+06 1.624367318210734605e-22
4.813229614033409394e+06 1.651978241365549036e-22
4.837295762103576213e+06 1.708542450419968518e-22
4.861482240914093331e+06 1.784994051745576733e-22
4.885789652118663304e+06 1.809286128152142486e-22
4.910218600379255600e+06 1.810220540993060206e-22
4.934769693381152116e+06 1.693707732274828850e-22
4.959443541848056950e+06 1.556831806572232274e-22
4.984240759557297453e+06 1.417463692515633810e-22
5.009161963355083019e+06 1.291165408510975125e-22
5.034207773171857931e+06 1.203964428899156910e-22
5.059378812037716620e+06 1.120533134103187284e-22
5.084675706097904593e+06 1.056715083731835209e-22
5.110099084628393874e+06 1.018068643666116944e-22
5.135649580051534809e+06 9.685804840070277909e-23
5.161327827951792628e+06 9.314666697703926167e-23
5.187134467091551051e+06 9.005673842880775575e-23
5.213070139427007176e+06 8.744981910406411705e-23
5.239135490124142729e+06 8.531347946007740910e-23
5.265331167574762367e+06 8.409333896006337757e-23
5.291657823412636295e+06 8.289643210522921776e-23
5.318116112529698759e+06 8.087358461742471030e-23
5.344706693092347123e+06 7.914144786687379682e-23
5.371430226557807997e+06 7.750586328645693428e-23
5.398287377690596506e+06 7.659614552773361001e-23
5.425278814579048194e+06 7.581937488139871872e-23
5.452405208651944064e+06 7.444231716842140098e-23
5.479667234695201740e+06 7.340656929780652478e-23
5.507065570868677460e+06 7.179638879607863083e-23
5.534600898723020218e+06 7.088532260990242413e-23
5.562273903216634877e+06 7.051089175297921753e-23
5.590085272732717916e+06 6.954053559999693312e-23
5.618035699096379802e+06 6.910045982533914997e-23
5.646125877591861412e+06 6.829085986884290220e-23
5.674356506979820319e+06 6.706094861459105120e-23
5.702728289514719509e+06 6.609060555609656032e-23
5.731241930962292477e+06 6.550047730555251598e-23
5.759898140617102385e+06 6.496019662931418647e-23
5.788697631320187822e+06 6.446718319506936591e-23
5.817641119476787746e+06 6.403214396879770056e-23
5.846729325074170716e+06 6.363234710869803940e-23
5.875962971699540503e+06 6.331402181048103456e-23
5.905342786558037624e+06 6.301888172335817101e-23
5.934869500490827486e+06 6.287353172991067746e-23
5.964543847993280739e+06 6.279408035629291505e-23
5.994366567233246751e+06 6.315277673145701248e-23
6.024338400069411844e+06 6.345115848678429489e-23
6.054460092069758102e+06 6.409041306832754732e-23
6.084732392530106008e+06 6.494835856176445670e-23
6.236850702343358658e+06 7.932930739978498191e-23
6.392771969901942648e+06 2.056192572112676718e-22
6.552591269149490632e+06 1.171745530618289140e-22
6.716406050878226757e+06 8.727239562331171187e-23
6.884316202150181867e+06 9.066997511615357827e-23
7.056424107203936204e+06 9.240909111461387223e-23
7.232834709884032607e+06 1.023133432122444773e-22
7.413655577631134540e+06 6.459645342164153590e-23
7.598996967071911320e+06 5.612893427936192706e-23
7.788971891248708591e+06 5.206546344951427219e-23
7.983696188529925421e+06 4.616423532254347866e-23
8.183288593243172392e+06 4.343291342739277722e-23
8.387870808074250817e+06 3.971801994240829906e-23
8.597567578276107088e+06 3.893241462375976279e-23
8.812506767733007669e+06 3.932332634577775992e-23
9.032819436926333234e+06 4.397633257371441884e-23
9.258639922849491239e+06 4.740602516422380825e-23
9.490105920920727775e+06 5.191478846441714961e-23
9.727358568943746388e+06 5.337398437960934137e-23
9.970542533167337999e+06 4.806502145784063636e-23
1.021980609649652243e+07 4.098863754745075776e-23
1.047530124890893325e+07 3.589960081250177034e-23
1.073718378013165668e+07 3.497802993814469614e-23
1.100561337463494763e+07 3.248491259323602596e-23
1.128075370900081843e+07 3.104626895284739138e-23
1.156277255172584020e+07 2.992563965097281415e-23
1.185184186551898718e+07 2.901919046715044682e-23
1.214813791215696186e+07 2.820269833156804350e-23
1.245184135996088386e+07 2.748576747611515530e-23
1.276313739395990595e+07 2.686704417388566536e-23
1.308221582880889997e+07 2.633620159770425179e-23
1.340927122452912107e+07 2.592799928000642908e-23
1.374450300514234975e+07 2.559700808673228957e-23
1.408811558027090691e+07 2.535460179049104174e-23
1.444031846977767721e+07 2.518682697012280169e-23
1.480132643152211979e+07 2.510099216191359104e-23
1.517135959231017157e+07 2.509959639214266033e-23
1.555064358211792260e+07 2.516242715941026458e-23
1.593940967167087086e+07 2.529863329057712773e-23
1.633789491346264258e+07 2.549869992673218767e-23
1.674634228629920632e+07 2.574445272360849362e-23
1.716500084345668554e+07 2.601528442186280654e-23
1.759412586454310268e+07 2.630886561889241337e-23
1.803397901115667820e+07 2.659571396126528652e-23
1.848482848643559217e+07 2.686302533322935319e-23
1.894694919859648123e+07 2.729843467259597436e-23
1.942062292856138572e+07 2.727837943098360013e-23
1.990613850177542120e+07 2.743265108251230528e-23
2.040379196431980282e+07 2.754821106488401703e-23
2.091388676342779770e+07 2.762355731115465318e-23
2.143673393251349032e+07 2.766903941739733100e-23
2.197265228082632646e+07 2.769327891356140467e-23
2.252196858784698322e+07 2.769956003041364108e-23
2.308501780254315585e+07 2.772351288656931062e-23
2.366214324760673195e+07 2.777332154764234809e-23
2.425369682879689708e+07 2.786846216705670041e-23
2.486003924951681867e+07 2.800791168394579356e-23
2.548154023075473309e+07 2.821967223931983713e-23
2.611857873652360588e+07 2.850775532353526546e-23
2.677154320493669063e+07 2.888304278678870758e-23
2.744083178506010771e+07 2.934681605270542382e-23
2.812685257968660444e+07 2.991272864342056927e-23
2.883002389417876303e+07 3.057637318926518178e-23
2.955077449153323099e+07 3.136428720382210324e-23
3.028954385382156074e+07 3.223817168935528002e-23
3.104678245016709343e+07 3.321809777201024892e-23
3.182295201142126694e+07 3.429656293013447553e-23
3.261852581170679629e+07 3.548409166068863277e-23
3.343398895699946210e+07 3.674818195470450495e-23
3.426983868092444539e+07 3.810184526913824610e-23
3.512658464794754982e+07 3.950505851966095742e-23
3.600474926414623857e+07 4.098571851874000242e-23
3.690486799574989080e+07 4.250833315055450444e-23
3.782748969564363360e+07 4.405562946622411310e-23
3.877317693803472072e+07 4.563072195724091984e-23
3.974250636148558557e+07 4.719679638492872962e-23
4.073606902052272856e+07 4.875792557234734562e-23
4.175447074603578448e+07 5.030406903173677816e-23
4.279833251468667388e+07 5.178928354046890808e-23
4.386829082755383849e+07 5.319562707076715501e-23
4.496499809824268520e+07 5.453930793587569434e-23
4.608912305069874972e+07 5.577631009706432652e-23
4.724135112696620822e+07 5.691720241723817996e-23
4.842238490514036268e+07 5.795161625753825741e-23
4.963294452776886523e+07 5.885514536366515349e-23
5.087376814096308500e+07 5.963637597203656315e-23
5.214561234448715299e+07 6.025208743357607658e-23
5.344925265309933573e+07 6.073105292886449905e-23
5.478548396942681074e+07 6.104194852068513513e-23
5.615512106866247207e+07 6.119485049685593291e-23
5.755899909537903219e+07 6.119668769217916061e-23
5.899797407276350260e+07 6.102778244892852251e-23
6.047292342458258569e+07 6.071398075892271141e-23
6.198474651019714773e+07 6.027375328729923742e-23
6.353436517295207828e+07 5.970431468921553275e-23
6.512272430227588117e+07 5.904328566291660034e-23
6.675079240983277559e+07 5.830935590183736812e-23
6.841956222007858753e+07 5.747436350495599876e-23
7.013005127558055520e+07 5.660634716083827166e-23
7.188330255747006834e+07 5.569957048667438483e-23
7.368038512140679359e+07 5.479701220912398315e-23
7.552239474944195151e+07 5.386775786371415392e-23
7.741045461817799509e+07 5.279459342289806535e-23
7.934571598363244534e+07 5.131158253110877343e-23
8.132935888322326541e+07 4.926429950380339048e-23
8.336259285530382395e+07 4.689164082389047557e-23
8.544665767668642104e+07 4.446259577987358111e-23
8.758282411860355735e+07 4.210014107470845776e-23
8.977239472156864405e+07 3.982950572533896216e-23
9.201670458960784972e+07 3.763587633484044212e-23
9.431712220434802771e+07 3.551926418921675011e-23
9.667505025945672393e+07 3.347519609350330644e-23
9.909192651594312489e+07 3.150272633212538441e-23
1.015692246788416952e+08 2.958680136856059302e-23
1.041084552958127260e+08 2.774270156125165490e-23
1.067111666782080382e+08 2.596757416229615951e-23
1.093789458451632261e+08 2.425268854686875627e-23
1.121134194912922978e+08 2.261598330119486441e-23
1.149162549785745889e+08 2.104767320318235409e-23
1.177891613530389369e+08 1.955219723913708922e-23
1.207338903868649155e+08 1.812285273297971265e-23
1.237522376465365142e+08 1.676893476175793954e-23
1.268460435876999199e+08 1.548808386055076344e-23
1.300171946773924232e+08 1.428357638057847263e-23
1.332676245443272293e+08 1.314717578407124286e-23
1.365993151579353809e+08 1.208175813923379804e-23
1.400142980368837416e+08 1.106585791136941348e-23
1.435146554878058434e+08 1.010162057681885011e-23
1.471025218750009537e+08 9.182375042876599245e-24
1.507800849218759835e+08 8.333189281424449328e-24
1.545495870449228883e+08 7.552369934486323153e-24
1.584133267210459411e+08 6.836831483674526991e-24
1.623736598890720606e+08 6.183471489099184669e-24
1.664330013862988651e+08 5.586876253963697217e-24
1.705938264209562838e+08 5.040304248078447886e-24
1.748586720814802051e+08 4.543322346940283996e-24
1.792301388835172057e+08 4.090950576539810358e-24
1.837108923556050956e+08 3.680292132536357815e-24
1.883036646644952297e+08 3.306719941573477078e-24
1.930112562811076045e+08 2.970184800198251601e-24
1.978365376881352365e+08 2.663705840275367329e-24
2.027824511303386390e+08 2.387526344244833810e-24
2.078520124085971117e+08 2.138836822500510218e-24
2.130483127188119888e+08 1.914004174695000023e-24
2.183745205367822945e+08 1.711500685713741006e-24
2.238338835502018034e+08 1.529964396042069302e-24
2.294297306389568448e+08 1.366593142954512697e-24
2.351654739049307704e+08 1.219620202832982225e-24
2.410446107525539994e+08 1.088458433239223673e-24
2.470707260213678777e+08 9.704825034926246646e-25
2.532474941719020605e+08 8.646526272034906536e-25
2.595786815261995792e+08 7.702968827858911806e-25
2.660681485643545091e+08 6.857982527998654015e-25
2.727198522784633636e+08 6.102331525492791203e-25
2.795378485854249597e+08 5.427588345095843886e-25
2.865262948000605106e+08 4.825691880481838161e-25
2.936894521700620055e+08 4.288271578386259256e-25
3.010316884743135571e+08 3.809857141578864681e-25
3.085574806861714125e+08 3.383545656246978997e-25
3.162714177033256888e+08 3.003832645201643300e-25
3.241782031459087729e+08 2.665695428785733835e-25
3.322826582245565057e+08 2.365654902989508358e-25
3.405897246801703572e+08 2.097654076872852089e-25
3.491044677971745729e+08 1.860523353725797240e-25
3.578320794921039939e+08 1.649690821192021235e-25
3.667778814794065952e+08 1.461680848905696501e-25
3.759473285163916349e+08 1.295117312210622115e-25
3.853460117293014526e+08 1.148129611079088907e-25
3.949796620225339532e+08 1.016937921539942861e-25
4.048541535730972886e+08 9.003375074579638450e-26
4.149755074124246836e+08 7.972449571279692882e-26
4.253498950977352262e+08 7.056587390233910094e-26
4.359836424751785994e+08 6.244070791120167030e-26
4.468832335370579958e+08 5.526226334656591632e-26
4.580553143754844666e+08 4.886962132936027997e-26
4.695066972348714471e+08 4.319315767115699875e-26
4.812443646657431722e+08 3.817866813273241270e-26
4.932754737823867798e+08 3.373404235784364252e-26
5.056073606269463897e+08 2.978492176173326131e-26
5.182475446426199675e+08 2.629578725808616751e-26
5.312037332586854100e+08 2.320703875453084885e-26
5.444838265901525021e+08 2.047408855661036439e-26
5.580959222549061775e+08 1.805908120212496199e-26
5.720483203112788200e+08 1.592592087429846477e-26
5.863495283190606833e+08 1.404170216888145999e-26
6.010082665270371437e+08 1.237892162659109082e-26
6.160334731902132034e+08 1.091357252632744304e-26
6.314343100199683905e+08 9.616248510050926416e-27
6.472201677704675198e+08 8.471058099777632576e-27
6.634006719647290707e+08 7.462508247306484670e-27
6.799856887638473511e+08 6.573550782450010657e-27
6.969853309829435349e+08 5.788139212751157652e-27
7.144099642575169802e+08 5.098222433188221623e-27
7.322702133639547825e+08 4.488456558143350393e-27
7.505769686980535984e+08 3.950165273889841916e-27
7.693413929155049324e+08 3.477802746442440985e-27
7.885749277383923531e+08 3.061306566452738854e-27
8.082893009318521023e+08 2.693880641635140599e-27
8.284965334551483393e+08 2.371324949889831753e-27
8.492089467915270329e+08 2.086711369613630194e-27
8.704391704613150358e+08 1.835942374534598568e-27
8.922001497228479385e+08 1.616075834402793340e-27
9.145051534659190178e+08 1.422437900969294664e-27
9.373677823025670052e+08 1.251474857121909280e-27
9.608019768601311445e+08 1.101434438537136520e-27
9.848220262816343307e+08 9.694431057942616763e-28
1.009442576938675046e+09 8.528144110790623158e-28
1.034678641362141848e+09 7.505505412983111253e-28
1.060545607396195173e+09 6.606055203050531452e-28
1.087059247581100225e+09 5.814433955689129828e-28
1.114235728770627499e+09 5.117000469816586312e-28
1.142091621989892960e+09 4.504981921877369200e-28
1.170643912539640188e+09 3.965398484945558894e-28
1.199910010353131056e+09 3.489914929399019376e-28
1.229907760611959219e+09 3.072758372373780588e-28
1.260655454627258062e+09 2.705269212893521602e-28
1.292171840992939234e+09 2.380975631775377197e-28
1.324476137017762899e+09 2.097393869832124355e-28
1.357588040443206787e+09 1.846863781292112108e-28
1.391527741454286814e+09 1.626144888334659313e-28
1.426315934990643978e+09 1.432954043292253727e-28
1.461973833365409851e+09 1.262472873237244934e-28
1.498523179199545145e+09 1.112047884544695727e-28
1.535986258679533482e+09 9.801400249977803464e-29
1.574385915146522045e+09 8.639124338536097636e-29
1.613745563025184870e+09 7.613338009840333169e-29
1.654089202100814342e+09 6.712574998424660372e-29
1.695441432153334379e+09 5.919284576560953209e-29
1.737827467957167625e+09 5.218316974336764504e-29
1.781273154656096697e+09 4.600640937455905076e-29
1.825804983522498846e+09 4.057609212293276620e-29
1.871450108110561371e+09 3.577658542963396294e-29
1.918236360813325405e+09 3.155844654885594926e-29
1.966192269833658695e+09 2.784383249078596186e-29
2.015347076579499722e+09 2.455911547433323421e-29
2.065730753493987083e+09 2.167282059706045343e-29
2.117374022331336737e+09 1.913241545266485550e-29
2.170308372889619827e+09 1.688661207815353282e-29
2.224566082211860180e+09 1.490890043263586684e-29
2.280180234267156601e+09 1.316557899767938908e-29
2.337184740123835087e+09 1.163858658488868013e-29
2.395614358626930714e+09 1.030345899388682095e-29
2.455504717592603683e+09 9.126568356868209872e-30
2.516892335532418728e+09 8.071020114069510508e-30
2.579814643920728683e+09 7.130006492453458082e-30
2.644310010018746853e+09 6.301778108241769345e-30
2.710417760269215107e+09 5.568384936459935528e-30
2.778178204275945663e+09 4.921120762141446274e-30
2.847632659382843971e+09 4.357525967048107503e-30
2.918823475867414951e+09 3.852692893480757076e-30
2.991794062764100075e+09 3.405911162779403087e-30
3.066588914333202362e+09 3.013367626713977793e-30
3.143253637191532135e+09 2.665171554712518888e-30
3.221834978121319771e+09 2.357253627113804091e-30
3.302380852574352741e+09 2.085325664425118049e-30
3.384940373888711452e+09 1.845989833274212250e-30
3.469563883235929012e+09 1.633839517127209934e-30
3.556302980316826820e+09 1.448243857790700451e-30
3.645210554824747562e+09 1.282279887602679755e-30
3.736340818695364952e+09 1.135147060603991655e-30
3.829749339162749767e+09 1.005081601758629582e-30
3.925493072641818047e+09 8.901508843317510774e-31
4.023630399457862377e+09 7.908509712430135374e-31
4.124221159444308758e+09 7.002478552064749861e-31
4.227326688430416584e+09 6.204323884299429821e-31
4.333009855641176224e+09 5.528518491557692246e-31
4.441335102032205582e+09 4.897998871587948800e-31
4.552368479583009720e+09 4.350828054768868699e-31
4.666177691572585106e+09 3.862814653630328187e-31
4.782832133861899376e+09 3.422513007833322090e-31
4.902402937208446503e+09 3.042471666562618053e-31
5.024963010638657570e+09 2.704099070893699537e-31
5.150587085904623032e+09 2.402582823595873025e-31
5.279351763052237511e+09 2.147961505576350654e-31
5.411335557128542900e+09 1.910889091036451096e-31
5.546618946056756020e+09 1.698547906337179820e-31
5.685284419708174706e+09 1.515755448267436856e-31
5.827416530200878143e+09 4.506733292855815273e-35
